49.707506 36.827609 1.000000
84.383860 40.790621 1.000000
84.053609 57.303170 1.000000
23.947929 196.008587 1.000000
21.636172 171.239762 1.000000
32.534455 180.817041 1.000000
145.150042 182.468296 1.000000
158.690333 207.897622 1.000000
153.736568 241.252972 1.000000
128.637493 167.607001 1.000000
160.671839 186.101057 1.000000
240.592470 73.815720 1.000000
204.264861 135.242404 1.000000
203.274108 149.773448 1.000000
210.539630 158.359974 1.000000
327.448481 223.749670 1.000000
396.305812 37.157860 1.000000
339.502642 242.998400 1.000000
434.614927 384.349815 1.000000
411.167107 409.448890 1.000000
379.463012 385.670819 1.000000
307.798547 371.470026 1.000000
329.595112 283.953513 1.000000
339.502642 287.586274 1.000000
330.585865 336.133170 1.000000
326.292602 395.248097 1.000000
330.916116 415.393408 1.000000
328.274108 431.905957 1.000000
324.641347 455.023527 1.000000
304.826288 463.610052 1.000000
315.724571 476.159590 1.000000
216.484148 275.103699 1.000000
220.447160 295.909511 1.000000
260.077279 385.407530 1.000000
302.844782 483.847189 1.000000
84.053609 328.934610 2.000000
173.221268 21.636063 2.000000
189.733818 20.315059 2.000000
186.431308 44.753633 2.000000
228.042933 195.678336 2.000000
470.282034 201.953104 2.000000
429.000661 182.138045 2.000000
490.757596 282.958770 2.000000
459.714003 274.702495 2.000000
444.522457 253.236181 2.000000
481.510568 262.813460 2.000000
436.266182 257.529444 2.000000
435.275429 278.995758 2.000000
425.367900 236.393380 2.000000
484.152576 296.833302 2.000000
478.208058 288.246776 2.000000
467.970277 301.126565 2.000000
466.979524 328.537397 2.000000
482.831572 353.636473 2.000000
492.739102 374.442285 2.000000
469.951783 376.093540 2.000000
300.863276 329.197899 2.000000
379.793263 438.841228 2.000000
387.719287 481.443606 2.000000
255.454237 274.561236 2.000000
254.793735 202.896771 2.000000
276.260534 348.725139 2.000000
479.859313 498.708483 2.000000
2.151363 38.478864 3.000000
33.855459 212.851387 3.000000
76.788087 174.212021 3.000000
61.926793 147.791942 3.000000
53.340267 93.630779 3.000000
86.035115 108.161823 3.000000
126.325736 16.352048 3.000000
125.995485 56.642668 3.000000
153.736568 76.787979 3.000000
177.844890 201.622853 3.000000
1.821112 367.573976 3.000000
18.003411 369.225231 3.000000
34.846211 396.305812 3.000000
43.102486 371.867239 3.000000
62.917546 370.876486 3.000000
57.963781 398.287318 3.000000
100.896410 371.536988 3.000000
84.054075 415.925581 3.000000
95.943110 405.357549 3.000000
100.236373 441.354907 3.000000
83.723824 461.830469 3.000000
74.476796 482.306030 3.000000
139.536241 478.343018 3.000000
60.606254 443.336413 3.000000
37.488685 418.237338 3.000000
23.618144 437.391896 3.000000
17.343375 473.059003 3.000000
304.330911 21.966314 3.000000
263.049538 31.213342 3.000000
254.793263 55.651915 3.000000
304.661162 86.695509 3.000000
314.898943 65.229194 3.000000
290.460370 132.930647 3.000000
304.000661 142.177675 3.000000
274.278071 139.205416 3.000000
274.938573 154.396962 3.000000
301.028402 179.826288 3.000000
271.966314 196.999339 3.000000
295.083884 211.860634 3.000000
306.312417 115.427345 3.000000
298.386394 94.621532 3.000000
279.892338 48.056143 3.000000
334.879128 88.677015 3.000000
355.684941 39.799868 3.000000
333.888375 41.451123 3.000000
426.028402 80.090489 3.000000
403.241083 17.673052 3.000000
437.587186 22.296565 3.000000
408.525099 60.605680 3.000000
455.420740 24.278071 3.000000
471.272787 19.654557 3.000000
471.272787 29.231836 3.000000
485.803831 34.515852 3.000000
464.007266 62.256935 3.000000
467.970277 76.457728 3.000000
483.822325 90.328269 3.000000
484.152576 124.344122 3.000000
472.593791 114.766843 3.000000
474.245046 146.801189 3.000000
493.729855 156.708719 3.000000
401.589828 183.128798 3.000000
391.682299 152.415456 3.000000
408.194848 126.325627 3.000000
411.167107 102.217305 3.000000
392.673052 101.556803 3.000000
397.296565 75.466975 3.000000
364.601717 99.905548 3.000000
337.851387 112.124835 3.000000
347.758917 171.994437 3.000000
372.857992 141.611346 3.000000
387.058785 269.088228 3.000000
348.089168 257.859695 3.000000
360.308454 239.695890 3.000000
375.830251 230.118611 3.000000
364.601717 204.359034 3.000000
339.502642 202.707779 3.000000
331.906869 185.864979 3.000000
437.587186 355.948229 3.000000
448.815720 346.370951 3.000000
445.182959 330.849154 3.000000
466.319022 351.654967 3.000000
472.924042 443.134491 3.000000
454.760238 441.813487 3.000000
444.852708 423.979934 3.000000
430.982166 417.705165 3.000000
327.943857 309.713091 3.000000
336.530383 349.673461 3.000000
392.673052 445.115997 3.000000
415.460370 459.316790 3.000000
409.846103 484.085614 3.000000
381.444518 458.656288 3.000000
364.271466 454.693276 3.000000
362.620211 477.480594 3.000000
284.516324 245.829400 3.000000
204.925835 194.970747 3.000000
262.059257 174.164935 3.000000
260.408487 331.882338 3.000000
241.914431 339.808362 3.000000
224.080878 382.080489 3.000000
213.182595 392.318269 3.000000
205.586822 388.355257 3.000000
219.127113 416.426592 3.000000
195.679292 438.883659 3.000000
168.928962 464.643236 3.000000
170.910468 431.287886 3.000000
154.067668 400.904795 3.000000
427.349406 497.387479 3.000000
445.843461 495.405973 3.000000
462.025760 490.121958 3.000000
142.508034 158.029723 4.000000
162.983596 101.226552 4.000000
175.202883 96.272787 4.000000
7.765630 409.515852 4.000000
320.513210 97.924042 4.000000
340.163144 54.330911 4.000000
352.052180 135.242404 4.000000
41.312842 16.551913 0.000000
55.315574 2.890710 0.000000
71.367486 6.306011 0.000000
20.137978 120.377049 0.000000
32.774590 95.786885 0.000000
40.629781 111.155738 0.000000
82.228329 441.555272 0.000000
151.206202 488.794664 0.000000
153.714488 461.203515 0.000000
53.949454 336.565574 0.000000
119.864754 314.024590 0.000000
34.140710 335.199454 0.000000
166.654372 393.259563 0.000000
170.411202 356.032787 0.000000
172.801913 334.516393 0.000000
146.162568 288.751366 0.000000
388.307377 359.106557 0.000000
374.987705 362.180328 0.000000
386.599727 343.396175 0.000000
398.553279 338.614754 0.000000
418.020492 388.478142 0.000000
443.293716 370.377049 0.000000
492.132514 347.836066 0.000000
455.076503 129.598361 0.000000
