56.231047 37.277978 2.000000
33.700657 87.940507 2.000000
49.913357 120.310469 2.000000
129.592196 56.669981 0.000000
136.104693 90.075812 2.000000
162.068740 136.797982 2.000000
196.848819 78.794224 2.000000
191.610108 60.292419 2.000000
186.888234 51.741064 2.000000
196.122744 35.021661 2.000000
205.599278 48.559567 2.000000
26.898917 172.381595 2.000000
18.776173 160.648743 2.000000
17.873646 39.534296 3.000000
6.592058 25.996390 3.000000
27.350181 93.234657 3.000000
88.270758 130.238267 3.000000
155.057762 84.209386 3.000000
172.205776 59.389892 3.000000
192.512635 5.689531 3.000000
228.162455 2.981949 3.000000
224.552347 65.707581 3.000000
242.151625 88.270758 3.000000
79.696751 175.991703 3.000000
76.328668 228.602951 3.000000
153.703971 280.684844 3.000000
263.597692 32.798130 3.000000
294.702090 54.007516 3.000000
308.933284 42.693141 3.000000
322.471191 50.364621 3.000000
337.362887 39.534296 3.000000
365.341227 9.750903 3.000000
359.023537 24.191336 3.000000
396.478411 96.393502 3.000000
474.101083 20.129964 3.000000
464.173285 76.086643 3.000000
445.670156 446.728204 3.000000
463.269434 451.240839 3.000000
387.457160 306.836507 3.000000
297.205776 326.989170 3.000000
302.620939 370.310469 3.000000
297.205776 384.299639 3.000000
324.281588 391.519856 3.000000
209.209386 334.209386 3.000000
173.108303 340.527076 3.000000
186.194946 353.613718 3.000000
109.931408 397.053546 3.000000
214.624549 464.743077 3.000000
176.718412 459.327914 3.000000
103.613718 447.143799 3.000000
96.844765 431.800839 3.000000
67.512635 465.645604 3.000000
34.063694 442.784963 3.000000
235.382671 490.519153 3.000000
359.472300 453.351700 3.000000
390.611985 97.747292 4.000000
46.754513 487.811571 4.000000
36.826715 499.995687 4.000000
27.526632 492.500659 4.000000
16.519856 494.580524 4.000000
57.133574 499.093160 4.000000
123.920578 499.544423 4.000000
95.490975 148.288809 4.000000
147.837545 62.097473 4.000000
146.935018 41.339350 4.000000
144.227437 128.884477 4.000000
149.191336 110.382671 4.000000
175.904110 92.211117 4.000000
86.014440 215.702894 4.000000
98.198556 208.482678 4.000000
150.270315 210.199506 4.000000
145.460215 191.092638 4.000000
60.743682 241.424916 4.000000
132.945848 306.858129 4.000000
73.379061 283.392425 4.000000
29.155235 255.865349 4.000000
403.247364 28.252708 4.000000
382.037978 40.888087 4.000000
394.222093 64.353791 4.000000
407.308736 86.014440 4.000000
379.330396 77.891697 4.000000
373.915234 67.963899 4.000000
379.330396 60.292419 4.000000
380.232923 93.234657 4.000000
365.792490 92.783394 4.000000
389.709458 114.444043 4.000000
407.308736 174.913357 4.000000
376.622815 202.891697 4.000000
366.695017 217.332130 4.000000
321.117400 219.137184 4.000000
243.048808 198.830325 4.000000
252.525342 155.960289 4.000000
420.846642 11.555957 4.000000
451.989170 22.386282 4.000000
495.761733 10.653430 4.000000
487.638989 35.472924 4.000000
494.407942 53.974729 4.000000
472.296029 101.808664 4.000000
460.563177 139.263538 4.000000
443.415162 139.714801 4.000000
446.574007 158.667870 4.000000
480.870036 202.891697 4.000000
438.000000 234.480144 4.000000
435.743682 58.487365 4.000000
479.514922 257.648782 4.000000
484.930084 409.273330 4.000000
472.745969 425.518818 4.000000
466.879543 411.529648 4.000000
449.731528 415.139756 4.000000
443.413839 435.897879 4.000000
408.215283 442.666832 4.000000
398.287485 425.518818 4.000000
401.897593 410.175857 4.000000
382.041998 435.446616 4.000000
385.200842 401.150587 4.000000
396.933694 382.648782 4.000000
464.623225 379.489937 4.000000
472.745969 372.720984 4.000000
478.161131 366.403294 4.000000
486.283875 371.818457 4.000000
453.792900 342.937590 4.000000
388.810951 356.024233 4.000000
417.691817 287.432175 4.000000
394.226113 296.457446 4.000000
201.989170 263.361011 4.000000
225.454874 260.202166 4.000000
208.306859 298.559567 4.000000
225.003610 313.902527 4.000000
256.140794 317.061372 4.000000
262.007220 344.588448 4.000000
285.924188 328.794224 4.000000
361.285199 285.021661 4.000000
368.956679 319.768953 4.000000
323.830325 359.480144 4.000000
341.880866 415.888087 4.000000
346.844765 386.555957 4.000000
267.422383 393.776173 4.000000
271.483755 405.057762 4.000000
276.898917 421.303249 4.000000
282.314079 378.884477 4.000000
266.068592 371.664260 4.000000
248.469314 342.783394 4.000000
243.054152 349.101083 4.000000
238.541516 358.126354 4.000000
218.685921 345.490975 4.000000
222.296029 358.126354 4.000000
192.512635 347.296029 4.000000
216.429603 329.696751 4.000000
172.657040 356.772563 4.000000
157.765343 356.772563 4.000000
155.057762 365.346570 4.000000
368.956679 345.942238 4.000000
56.682310 310.410947 4.000000
56.231047 337.486759 4.000000
48.559567 341.548131 4.000000
28.252708 323.046326 4.000000
64.805054 379.454268 4.000000
35.472924 386.223221 4.000000
49.010830 397.053546 4.000000
115.797834 363.660044 4.000000
113.090253 348.768348 4.000000
102.259928 380.356795 4.000000
111.736462 413.299034 4.000000
132.945848 439.472319 4.000000
141.068592 430.447048 4.000000
141.519856 411.493979 4.000000
196.574007 462.035496 4.000000
226.808664 460.681705 4.000000
181.682310 453.461488 4.000000
184.841155 475.573402 4.000000
163.180505 474.219611 4.000000
161.375451 463.840550 4.000000
155.057762 457.974124 4.000000
132.043321 461.584232 4.000000
124.823105 471.963293 4.000000
98.198556 461.584232 4.000000
94.137184 416.006615 4.000000
88.722022 436.313474 4.000000
66.610108 446.692535 4.000000
74.732852 467.450658 4.000000
98.198556 494.129261 4.000000
99.552347 480.591355 4.000000
134.750903 492.775470 4.000000
160.472924 486.457781 4.000000
266.060748 442.070111 4.000000
283.660026 439.813793 4.000000
302.613095 453.802963 4.000000
332.847752 453.802963 4.000000
328.786380 462.376970 4.000000
341.873022 445.228956 4.000000
364.887463 441.618848 4.000000
385.645586 464.633288 4.000000
396.024647 476.817404 4.000000
369.851362 494.867945 4.000000
423.559763 482.962964 4.000000
452.440629 470.778849 4.000000
438.902723 489.280654 4.000000
421.303445 458.143470 4.000000
480.870232 474.840221 4.000000
484.931604 493.793289 4.000000
457.855792 497.854661 4.000000
381.135246 233.423497 0.000000
460.028689 316.415301 0.000000
462.419399 328.710383 0.000000
282.774590 109.106557 0.000000
385.916667 171.265027 0.000000
396.845628 172.631148 0.000000
361.668033 82.467213 0.000000
83.321038 68.806011 0.000000
51.900273 78.368852 0.000000
122.596995 34.653005 0.000000
182.364754 19.284153 0.000000
139.331967 348.177596 0.000000
146.162568 328.368852 0.000000
120.889344 316.415301 0.000000
248.621585 458.491803 0.000000
300.875683 476.592896 0.000000
272.528689 467.371585 0.000000
280.383880 488.546448 0.000000
263.307377 453.710383 0.000000
350.739071 480.349727 0.000000
349.714481 462.590164 0.000000
114.139927 176.875078 0.000000
324.782787 77.685792 0.000000
428.607923 115.937158 0.000000
