8.848375 16.068592 2.000000
27.350181 19.227437 2.000000
36.826715 5.689531 2.000000
44.046931 12.007220 2.000000
51.718412 6.140794 2.000000
70.220217 10.653430 2.000000
94.137184 39.083032 2.000000
107.675090 22.386282 2.000000
114.444043 33.667870 2.000000
86.014440 60.292419 2.000000
71.122744 59.389892 2.000000
60.292419 48.108303 2.000000
48.108303 27.801444 2.000000
21.483755 40.888087 2.000000
27.801444 58.487365 2.000000
36.826715 65.256318 2.000000
23.288809 84.660650 2.000000
7.945848 83.758123 2.000000
25.545126 102.711191 2.000000
55.328520 131.140794 2.000000
82.855596 85.111913 2.000000
110.382671 120.761733 2.000000
96.844765 104.064982 2.000000
95.490975 122.566787 2.000000
77.891697 116.700361 2.000000
81.953069 144.678700 2.000000
87.368231 177.620939 2.000000
103.162455 142.873646 2.000000
119.859206 144.227437 2.000000
140.166065 155.509025 2.000000
67.963899 193.415162 2.000000
86.916968 198.379061 2.000000
50.364621 170.851986 2.000000
27.350181 156.862816 2.000000
26.898917 135.653430 2.000000
15.166065 118.505415 2.000000
8.848375 170.851986 2.000000
16.971119 195.671480 2.000000
31.862816 233.126354 2.000000
96.393502 224.101083 2.000000
74.732852 237.638989 2.000000
107.675090 234.028881 2.000000
161.837598 4.335740 2.000000
178.534349 8.397112 2.000000
170.411606 32.765343 2.000000
169.960342 53.072202 2.000000
179.888140 58.036101 2.000000
153.714855 71.574007 2.000000
186.205829 79.696751 2.000000
224.111967 52.620939 2.000000
230.880920 23.288809 2.000000
244.418826 66.158845 2.000000
205.158898 82.855596 2.000000
227.722075 83.306859 2.000000
219.599331 118.956679 2.000000
210.574060 104.064982 2.000000
237.198609 98.198556 2.000000
241.711245 121.664260 2.000000
256.151678 110.833935 2.000000
223.660703 141.971119 2.000000
259.310523 146.935018 2.000000
272.848429 65.707581 2.000000
302.180559 56.231047 2.000000
291.801497 79.696751 2.000000
331.512689 38.631769 2.000000
326.097526 57.133574 2.000000
290.447707 5.238267 2.000000
324.292472 18.324910 2.000000
342.794277 15.166065 2.000000
210.122797 171.303249 2.000000
214.635432 180.328520 2.000000
226.368284 192.061372 2.000000
246.675144 197.476534 2.000000
261.566840 174.010830 2.000000
301.278032 137.909747 2.000000
322.036154 113.090253 2.000000
344.148068 128.433213 2.000000
343.696804 141.068592 2.000000
327.000053 170.851986 2.000000
274.202219 196.574007 2.000000
264.725685 225.906137 2.000000
44.046931 247.291795 2.000000
8.397112 264.891073 2.000000
16.971119 280.685297 2.000000
16.519856 304.151001 2.000000
33.667870 279.331506 2.000000
75.184116 269.854972 2.000000
84.660650 301.894683 2.000000
76.989170 283.392878 2.000000
40.888087 307.309846 2.000000
58.487365 313.627535 2.000000
103.613718 339.349557 2.000000
91.429603 368.230423 2.000000
62.097473 356.497571 2.000000
40.436823 349.728618 2.000000
26.447653 335.739449 2.000000
175.364621 196.687681 2.000000
167.241877 215.189486 2.000000
157.314079 222.409703 2.000000
164.534296 233.240028 2.000000
138.812274 220.153385 2.000000
190.256318 203.456634 2.000000
178.974729 214.286959 2.000000
186.194946 228.276129 2.000000
207.404332 203.005371 2.000000
216.880866 226.019811 2.000000
209.209386 235.496345 2.000000
234.028881 232.788764 2.000000
228.613718 249.936778 2.000000
228.613718 279.268908 2.000000
213.722022 252.644360 2.000000
207.855596 267.987320 2.000000
161.826715 268.438584 2.000000
166.790614 308.149775 2.000000
142.422383 320.333890 2.000000
157.765343 327.102843 2.000000
182.133574 314.918728 2.000000
169.498195 336.579378 2.000000
211.916968 301.380822 2.000000
130.238267 279.268908 2.000000
237.201796 361.962903 2.000000
174.476164 393.551351 2.000000
151.461724 379.110917 2.000000
169.061002 353.840159 2.000000
183.050171 339.399726 2.000000
182.598908 434.165069 2.000000
198.393132 425.139798 2.000000
204.259558 444.092867 2.000000
243.519485 436.002910 2.000000
303.537536 356.547740 2.000000
272.400352 296.980953 2.000000
285.486994 256.818499 2.000000
243.970749 271.710195 2.000000
317.075442 245.085647 2.000000
332.418402 236.060376 2.000000
344.602518 271.710195 2.000000
333.772193 287.955683 2.000000
330.162085 299.688535 2.000000
351.822735 326.764347 2.000000
337.833565 339.399726 2.000000
367.165695 321.800448 2.000000
354.062482 35.924188 2.000000
347.744792 57.584838 2.000000
344.134684 78.794224 2.000000
360.380171 77.440433 2.000000
332.853095 104.064982 2.000000
413.893946 28.703971 2.000000
396.029991 80.148014 2.000000
370.307969 126.176895 2.000000
392.419882 157.314079 2.000000
369.856705 142.873646 2.000000
420.398222 75.184116 2.000000
420.398222 50.364621 2.000000
440.253817 65.256318 2.000000
463.752308 48.471341 2.000000
490.795334 88.722022 2.000000
430.777283 99.101083 2.000000
454.242987 106.321300 2.000000
456.950568 118.505415 2.000000
450.181615 132.043321 2.000000
457.853095 172.657040 2.000000
446.120243 188.000000 2.000000
407.762843 171.303249 2.000000
484.928908 181.682310 2.000000
496.210496 193.415162 2.000000
372.561443 228.143811 2.000000
376.622815 242.132981 2.000000
393.770830 243.035508 2.000000
419.492851 226.338757 2.000000
411.821371 203.324317 2.000000
459.204043 204.226844 2.000000
486.279855 241.681718 2.000000
483.572274 254.317097 2.000000
495.756389 246.645617 2.000000
468.680577 265.598685 2.000000
444.312346 255.219624 2.000000
414.528952 252.060779 2.000000
410.467580 288.613126 2.000000
375.720288 271.916375 2.000000
403.247364 332.836952 2.000000
426.713068 298.992187 2.000000
430.323176 314.786411 2.000000
441.604765 298.540923 2.000000
447.019927 304.858613 2.000000
457.850252 322.006627 2.000000
460.557833 300.345978 2.000000
471.388158 319.299046 2.000000
480.864692 296.284606 2.000000
494.402598 326.067999 2.000000
468.229313 290.418180 2.000000
187.548736 487.638989 2.000000
260.202166 483.126354 2.000000
238.992780 475.454874 2.000000
275.996390 487.187726 2.000000
289.534296 465.527076 2.000000
289.534296 440.707581 2.000000
294.950929 424.282133 2.000000
288.181976 417.061916 2.000000
299.012301 439.173829 2.000000
326.990640 410.292963 2.000000
334.210857 392.242421 2.000000
343.236128 398.108847 2.000000
357.225297 399.011374 2.000000
335.113384 422.928342 2.000000
345.250420 456.178179 2.000000
356.168971 440.020917 2.000000
368.958149 457.224371 2.000000
383.849846 477.079966 2.000000
331.503276 487.910291 2.000000
317.514106 492.422927 2.000000
285.474395 499.191880 2.000000
400.107786 355.243408 2.000000
396.046414 371.940158 2.000000
411.840638 384.124274 2.000000
408.230530 415.712722 2.000000
396.948941 428.799364 2.000000
398.302732 436.922108 2.000000
432.598761 457.680231 2.000000
446.136667 469.478656 2.000000
459.223309 468.059292 2.000000
454.534222 453.465060 2.000000
474.566270 426.091783 2.000000
484.042804 425.640519 2.000000
497.580710 398.564707 2.000000
92.332130 398.492463 2.000000
93.685921 409.774052 2.000000
77.440433 424.214485 2.000000
33.216606 402.553835 2.000000
30.057762 428.727120 2.000000
33.216606 444.070080 2.000000
72.025271 445.875135 2.000000
59.389892 462.571886 2.000000
91.429603 454.900405 2.000000
105.870036 469.792102 2.000000
119.859206 450.839034 2.000000
110.382671 478.817373 2.000000
69.317690 479.719900 2.000000
69.768953 488.293907 2.000000
31.411552 482.427481 2.000000
142.422383 473.402210 2.000000
139.714801 489.647698 2.000000
171.303249 471.145893 2.000000
439.356242 496.998160 2.000000
466.883318 498.351951 2.000000
336.927851 161.826715 3.000000
341.440486 174.913357 3.000000
330.610162 217.332130 3.000000
230.432843 339.399726 3.000000
248.032121 333.082036 3.000000
252.093493 354.291423 3.000000
249.385911 362.512526 3.000000
266.985189 368.280592 3.000000
249.385911 374.598282 3.000000
250.288438 394.905141 3.000000
262.472554 395.356405 3.000000
317.075442 362.865430 3.000000
303.537536 327.666874 3.000000
379.333240 74.281588 3.000000
382.943348 58.036101 3.000000
391.066092 46.754513 3.000000
405.506525 92.783394 3.000000
397.714032 101.301961 3.000000
393.773673 118.956679 3.000000
387.455983 137.007220 3.000000
384.208913 183.124327 3.000000
471.842265 24.917411 3.000000
482.221326 45.851986 3.000000
498.918077 17.422383 3.000000
473.196056 81.050542 3.000000
478.157111 324.262945 3.000000
244.859206 453.342960 3.000000
227.711191 462.819495 3.000000
343.687391 441.881410 3.000000
415.902010 429.701891 3.000000
398.753995 446.398642 3.000000
414.999483 443.239797 3.000000
424.476017 446.849906 3.000000
175.364621 495.062860 3.000000
290.902157 342.558571 4.000000
375.727103 491.069136 4.000000
351.810135 484.751447 4.000000
251.695355 409.311475 0.000000
258.867486 418.191257 0.000000
322.733607 432.535519 0.000000
301.217213 393.942623 0.000000
311.804645 445.855191 0.000000
444.318306 355.008197 0.000000
