16.308708 9.532674 2.000000
1.628159 237.638989 2.000000
32.408710 234.312771 2.000000
57.133574 185.743682 2.000000
71.574007 173.108303 2.000000
86.203701 167.074504 2.000000
80.148014 152.350181 2.000000
108.126354 156.411552 2.000000
124.015208 134.940163 2.000000
116.249097 110.833935 2.000000
88.270758 102.973195 2.000000
74.732852 91.429603 2.000000
86.916968 48.559567 2.000000
47.657040 48.108303 2.000000
35.472924 68.866426 2.000000
28.965974 68.771796 2.000000
26.898917 78.342960 2.000000
32.765343 96.844765 2.000000
51.267148 105.418773 2.000000
26.425766 107.129197 2.000000
16.519856 116.249097 2.000000
1.176895 113.541516 2.000000
57.133574 15.166065 2.000000
76.086643 11.104693 2.000000
487.187726 25.996390 2.000000
470.039711 8.848375 2.000000
457.855596 168.144404 2.000000
463.722022 179.425993 2.000000
487.638989 180.779783 2.000000
497.115523 223.198556 2.000000
444.106542 179.142102 2.000000
430.779783 179.425993 2.000000
426.718412 156.411552 2.000000
419.498195 30.960289 2.000000
405.487138 79.529378 2.000000
438.902527 205.599278 2.000000
358.577617 141.068592 2.000000
356.321300 117.602888 2.000000
338.722022 130.689531 2.000000
340.075812 153.703971 2.000000
378.884477 119.407942 2.000000
364.444043 58.487365 2.000000
364.444043 44.046931 2.000000
334.209386 43.595668 2.000000
341.145712 16.781859 2.000000
266.519856 46.303249 2.000000
266.068592 60.292419 2.000000
266.068592 72.927798 2.000000
281.411552 56.231047 2.000000
288.180505 59.389892 2.000000
300.364621 88.270758 2.000000
265.166065 109.931408 2.000000
284.119134 132.043321 2.000000
312.548736 123.920578 2.000000
277.801444 147.386282 2.000000
294.046931 168.595668 2.000000
309.389892 237.187726 2.000000
262.458484 169.498195 2.000000
256.592058 157.314079 2.000000
403.703971 165.436823 2.000000
417.241877 172.657040 2.000000
388.812274 163.180505 2.000000
215.527076 6.592058 2.000000
201.989170 21.483755 2.000000
172.205776 34.119134 2.000000
154.227978 59.033258 2.000000
158.667870 64.805054 2.000000
172.183889 71.122744 2.000000
179.404106 61.668097 2.000000
248.018051 116.249097 2.000000
242.151625 133.848375 2.000000
227.711191 165.436823 2.000000
218.234657 188.902527 2.000000
165.436823 167.693141 2.000000
177.620939 195.220217 2.000000
197.927798 213.722022 2.000000
189.805054 148.288809 2.000000
170.851986 134.750903 2.000000
151.447653 112.638989 2.000000
9.750903 42.693141 3.000000
9.750903 58.036101 3.000000
5.689531 76.086643 3.000000
1.176895 83.758123 3.000000
39.083032 212.368231 3.000000
123.469314 173.559567 3.000000
82.855596 76.989170 3.000000
59.841155 64.805054 3.000000
62.548736 76.086643 3.000000
62.097473 41.339350 3.000000
59.841155 29.155235 3.000000
111.736462 26.898917 3.000000
100.454874 23.645442 3.000000
134.299639 41.339350 3.000000
492.602888 8.848375 3.000000
485.382671 20.129964 3.000000
488.636146 35.283664 3.000000
472.747292 44.498195 3.000000
479.967509 58.938628 3.000000
455.599278 52.169675 3.000000
454.245487 28.703971 3.000000
461.916968 17.422383 3.000000
492.151625 87.368231 3.000000
476.808664 78.342960 3.000000
466.429603 87.819495 3.000000
467.499503 104.159612 3.000000
476.357401 116.249097 3.000000
469.421075 131.235424 3.000000
462.368231 137.909747 3.000000
451.086643 139.714801 3.000000
441.610108 124.371841 3.000000
449.732852 152.801444 3.000000
469.588448 184.841155 3.000000
485.382671 206.501805 3.000000
497.115523 206.501805 3.000000
494.313312 240.725091 3.000000
472.296029 241.700361 3.000000
458.306859 238.541516 3.000000
457.855596 222.747292 3.000000
447.927798 208.758123 3.000000
425.124505 240.797834 3.000000
369.145939 211.989710 3.000000
392.873646 127.981949 3.000000
403.703971 104.064982 3.000000
420.589982 113.730777 3.000000
418.595668 95.490975 3.000000
407.314079 64.805054 3.000000
419.498195 57.133574 3.000000
406.957446 43.260922 3.000000
414.083032 49.462094 3.000000
425.364621 46.303249 3.000000
403.703971 36.375451 3.000000
396.483755 31.411552 3.000000
389.714801 25.996390 3.000000
376.628159 22.386282 3.000000
375.274368 37.277978 3.000000
375.274368 56.231047 3.000000
392.422383 192.512635 3.000000
385.012906 188.050856 3.000000
388.361011 178.072202 3.000000
376.912049 187.716110 3.000000
353.970352 170.568095 3.000000
347.747292 110.382671 3.000000
319.768953 30.960289 3.000000
290.436823 9.750903 3.000000
281.862816 26.447653 3.000000
280.509025 76.537906 3.000000
301.267148 138.361011 3.000000
289.534296 148.288809 3.000000
298.275676 182.657580 3.000000
307.417464 174.178203 3.000000
324.281588 224.552347 3.000000
340.075812 240.346570 3.000000
372.996163 228.257085 3.000000
368.505415 222.558032 3.000000
366.700361 239.895307 3.000000
278.703971 226.357401 3.000000
267.873646 209.209386 3.000000
188.451264 16.068592 3.000000
233.126354 32.765343 3.000000
239.444043 64.805054 3.000000
158.194719 88.911282 3.000000
148.907445 74.543592 3.000000
170.851986 95.942238 3.000000
199.281588 99.552347 3.000000
197.927798 127.981949 3.000000
204.245487 140.166065 3.000000
442.891156 244.364168 4.000000
447.539943 255.197018 0.000000
471.791013 261.973053 0.000000
484.629815 290.860356 0.000000
482.133381 269.105720 0.000000
442.190442 288.720556 0.000000
431.848074 282.301155 0.000000
452.532810 292.286890 0.000000
455.029244 300.489458 0.000000
465.371612 310.118559 0.000000
480.350214 297.636391 0.000000
491.762482 320.817560 0.000000
484.629815 349.704864 0.000000
457.169044 340.432396 0.000000
422.575606 328.663495 0.000000
398.324536 324.740528 0.000000
389.765335 295.853224 0.000000
392.261769 260.546519 0.000000
380.492867 255.197018 0.000000
386.555635 247.707717 0.000000
363.374465 261.973053 0.000000
333.417261 280.161355 0.000000
368.723966 301.202724 0.000000
332.703994 310.831826 0.000000
354.815264 316.181326 0.000000
352.318830 322.957361 0.000000
329.494294 331.516562 0.000000
329.137660 345.781897 0.000000
310.236091 329.733395 0.000000
284.558488 319.034394 0.000000
264.943652 320.460927 0.000000
317.725392 289.077190 0.000000
294.900856 270.532254 0.000000
280.278887 267.322553 0.000000
262.090585 273.028687 0.000000
262.090585 248.777617 0.000000
273.859486 235.938816 0.000000
239.266049 237.460325 0.000000
162.233238 258.501694 0.000000
161.876605 211.069455 0.000000
121.220399 203.580154 0.000000
79.850927 202.510254 0.000000
141.905136 229.257757 0.000000
94.829529 271.697129 0.000000
135.485735 270.627229 0.000000
146.184736 280.256331 0.000000
172.218973 308.430368 0.000000
165.442939 317.346202 0.000000
148.324536 316.989569 0.000000
152.604137 337.317672 0.000000
113.017832 317.702836 0.000000
90.193295 294.878299 0.000000
66.655492 293.268938 0.000000
59.166191 271.514301 0.000000
43.117689 252.969366 0.000000
21.363053 255.109166 0.000000
17.440086 244.053531 0.000000
13.873752 309.317440 0.000000
46.327389 316.806741 0.000000
44.900856 339.274644 0.000000
36.341655 370.301748 0.000000
34.558488 385.280350 0.000000
54.886591 393.482918 0.000000
66.298859 381.714016 0.000000
81.277461 379.574216 0.000000
110.878031 384.567083 0.000000
122.646933 346.407311 0.000000
42.047789 476.070613 0.000000
113.374465 452.889444 0.000000
195.400143 441.477175 0.000000
191.477175 454.315977 0.000000
205.385877 465.371612 0.000000
207.169044 482.490014 0.000000
228.567047 465.728245 0.000000
241.049215 456.099144 0.000000
228.923680 421.149073 0.000000
231.063481 409.023538 0.000000
182.917974 408.666904 0.000000
214.301712 360.521398 0.000000
181.491441 340.549929 0.000000
199.323110 308.809558 0.000000
198.253210 322.718260 0.000000
200.749643 274.216120 0.000000
267.083452 477.497147 0.000000
280.992154 451.819544 0.000000
273.502853 416.156205 0.000000
271.719686 405.457204 0.000000
270.649786 383.702568 0.000000
334.487161 423.288873 0.000000
321.648359 419.365906 0.000000
310.592725 446.470043 0.000000
316.655492 468.224679 0.000000
336.626961 468.937946 0.000000
355.885164 456.812411 0.000000
369.080599 467.511412 0.000000
359.451498 426.855207 0.000000
373.003566 413.303138 0.000000
377.639800 395.114836 0.000000
235.699715 349.465763 0.000000
291.691155 363.374465 0.000000
270.293153 339.123395 0.000000
385.485735 465.371612 0.000000
269.579886 302.746790 0.000000
403.334699 405.554645 0.000000
424.851093 375.500000 0.000000
416.995902 411.702186 0.000000
416.312842 426.046448 0.000000
422.118852 475.226776 0.000000
388.648907 490.937158 0.000000
496.572404 469.079235 0.000000
494.181694 377.890710 0.000000
466.176230 416.142077 0.000000
435.780055 459.174863 0.000000
438.512295 441.415301 0.000000
324.782787 497.084699 0.000000
246.743169 194.489071 0.000000
80.076503 331.784153 0.000000
95.786885 337.248634 0.000000
155.213115 4.598361 0.000000
250.841530 11.428962 0.000000
375.670765 78.710383 0.000000
377.378415 95.786885 0.000000
399.577869 58.218579 0.000000
397.528689 5.281421 0.000000
