208.444265 438.588669 3.000000
419.547375 394.453069 3.000000
420.207877 409.488430 3.000000
8.397112 26.898917 4.000000
25.996390 39.985560 4.000000
120.761733 118.054152 4.000000
190.256318 101.357401 4.000000
52.169675 217.783394 4.000000
97.521661 286.149819 4.000000
196.557614 467.580414 4.000000
195.897112 480.193141 4.000000
201.312274 496.438628 4.000000
168.821300 453.117329 4.000000
217.557762 427.846570 4.000000
362.864621 335.788809 4.000000
64.128159 480.193141 4.000000
