440.229194 433.038910 1.000000
460.044254 445.918698 1.000000
470.612285 425.773388 1.000000
471.933289 415.865858 1.000000
457.732497 421.480125 1.000000
461.035007 403.976822 1.000000
461.365258 395.390297 1.000000
446.834214 394.069293 1.000000
456.411493 385.152516 1.000000
445.843461 382.180257 1.000000
449.806473 369.960970 1.000000
432.963672 375.575237 1.000000
435.275429 390.106281 1.000000
420.083884 376.235739 1.000000
417.111625 385.152516 1.000000
421.404888 390.106281 1.000000
425.367900 400.013811 1.000000
440.229194 405.958328 1.000000
414.139366 400.013811 1.000000
407.534346 390.766783 1.000000
423.386394 421.149874 1.000000
411.827609 411.572595 1.000000
416.781374 449.551459 1.000000
415.460370 435.680918 1.000000
405.883091 430.396902 1.000000
407.204095 471.017774 1.000000
400.929326 452.193467 1.000000
386.728534 441.625435 1.000000
397.626816 494.135343 1.000000
384.086526 471.678276 1.000000
358.326948 497.768104 1.000000
348.419419 487.200072 1.000000
341.153897 481.585805 1.000000
334.548877 474.650534 1.000000
361.629458 466.064009 1.000000
329.264861 466.724511 1.000000
316.715324 460.449742 1.000000
309.449802 451.202714 1.000000
329.595112 425.443137 1.000000
328.274108 447.900204 1.000000
334.218626 432.048157 1.000000
342.805152 438.322925 1.000000
355.684941 439.643929 1.000000
373.188243 454.174973 1.000000
351.391678 458.137985 1.000000
344.456407 453.844722 1.000000
310.438896 414.770163 1.000000
283.688566 408.495394 1.000000
296.238104 437.557481 1.000000
308.127139 436.896979 1.000000
295.247351 451.097772 1.000000
283.028064 431.943215 1.000000
268.166769 418.733175 1.000000
282.368500 495.260557 1.000000
270.479464 498.563067 1.000000
264.534946 489.646290 1.000000
259.581181 483.371522 1.000000
251.655158 475.115247 1.000000
262.223189 471.152235 1.000000
148.283140 490.306460 1.000000
157.860418 483.371189 1.000000
129.128582 479.738428 1.000000
129.128582 494.599723 1.000000
120.872307 493.939221 1.000000
116.248794 474.784663 1.000000
102.048001 492.618217 1.000000
102.378252 474.124161 1.000000
88.177459 475.114914 1.000000
76.947184 479.382150 1.000000
67.369905 485.656918 1.000000
86.524463 491.931687 1.000000
50.527105 489.619930 1.000000
39.959073 493.913193 1.000000
32.693551 499.197209 1.000000
8.429711 186.696720 2.000000
2.815444 199.906759 2.000000
29.235524 140.791832 2.000000
36.170794 163.909401 2.000000
14.370618 51.358653 2.000000
14.040367 17.342801 2.000000
96.933366 24.608322 2.000000
126.986206 71.173712 2.000000
112.785413 86.695509 2.000000
131.609720 86.695509 2.000000
98.914872 70.513210 2.000000
71.504040 103.208058 2.000000
45.083960 119.060106 2.000000
103.538386 100.235799 2.000000
155.387791 173.881770 2.000000
104.198888 194.027081 2.000000
68.862032 181.477543 2.000000
95.942613 212.851387 2.000000
41.781655 233.184046 2.000000
26.875244 199.566119 0.000000
3.472540 260.594878 2.000000
69.522738 236.816807 2.000000
80.421020 218.653002 2.000000
126.325908 223.276516 2.000000
167.607282 220.634508 2.000000
158.030003 207.754719 2.000000
116.748629 207.094217 2.000000
175.203055 252.999105 2.000000
135.903187 306.499766 2.000000
146.471219 313.104785 2.000000
162.983768 300.555248 2.000000
174.872804 296.261985 2.000000
135.572936 336.882857 2.000000
1.491034 324.003068 2.000000
50.698431 257.952870 2.000000
13.710040 306.147292 2.000000
70.843461 265.526420 2.000000
205.585897 113.776090 2.000000
196.999371 137.223910 2.000000
184.119583 139.205416 2.000000
219.786690 157.369221 2.000000
171.570045 178.175033 2.000000
203.934642 177.514531 2.000000
229.363968 173.221268 2.000000
262.058817 148.122193 2.000000
299.707430 142.838177 2.000000
257.105052 242.573976 2.000000
266.352079 230.684941 2.000000
242.904259 187.422061 2.000000
275.929358 199.971598 2.000000
321.173744 180.156539 2.000000
261.069850 36.167107 2.000000
374.015689 19.324306 2.000000
317.213852 111.794584 2.000000
336.200132 113.776090 2.000000
291.946499 125.004624 2.000000
300.863276 117.408851 2.000000
404.562087 178.835535 2.000000
374.509247 188.743065 2.000000
459.714003 53.340159 2.000000
471.272787 49.377147 2.000000
391.352048 80.750991 2.000000
333.888375 126.325627 2.000000
420.414135 176.854029 2.000000
317.706077 73.485469 2.000000
462.025760 179.496037 2.000000
478.208058 193.366579 2.000000
467.309775 226.061427 2.000000
423.386394 214.172391 2.000000
443.531704 206.576618 2.000000
432.633421 196.999339 2.000000
353.703435 197.329590 2.000000
450.136724 235.429653 2.000000
423.386394 245.006931 2.000000
370.876486 213.963338 2.000000
358.987450 262.840485 2.000000
336.200132 261.189230 2.000000
327.283355 261.849732 2.000000
315.394320 259.207724 2.000000
336.200132 247.318688 2.000000
314.403567 236.750657 2.000000
323.650594 213.963338 2.000000
321.999339 220.898609 2.000000
438.247688 167.397949 2.000000
469.291281 157.820670 2.000000
378.472259 247.648939 2.000000
440.559445 284.967301 2.000000
468.630779 260.858979 2.000000
480.850066 276.711026 2.000000
358.987450 97.593791 2.000000
421.404888 70.513210 2.000000
400.599075 37.488111 2.000000
438.247688 30.552840 2.000000
234.977406 251.205926 2.000000
227.381633 262.434459 2.000000
218.795107 268.378977 2.000000
283.524302 284.891527 2.000000
254.462214 319.898132 2.000000
290.129321 316.925873 2.000000
202.943060 354.244235 2.000000
217.474103 358.537498 2.000000
204.594315 228.088356 2.000000
181.804649 364.233173 2.000000
128.964490 367.865934 2.000000
204.591967 382.727228 2.000000
161.329087 380.415472 2.000000
132.597251 389.332248 2.000000
127.643486 401.881786 2.000000
125.992231 411.789316 2.000000
107.828427 396.928021 2.000000
105.846921 437.548893 2.000000
106.837674 448.447176 2.000000
70.510065 419.054837 2.000000
68.528559 315.686277 2.000000
67.207555 439.200148 2.000000
74.473077 406.835551 2.000000
20.975638 34.846103 3.000000
21.305889 57.963672 3.000000
28.901662 29.562087 3.000000
51.688980 35.506605 3.000000
68.862032 40.790621 3.000000
84.053577 23.947820 3.000000
102.877884 44.753633 3.000000
93.300605 51.358653 3.000000
119.060182 33.855350 3.000000
81.411569 127.316380 3.000000
123.023194 119.720608 3.000000
112.455162 154.066711 3.000000
141.517250 150.764201 3.000000
154.727289 150.764201 3.000000
166.946576 155.057464 3.000000
107.831649 175.533025 3.000000
65.889773 197.990092 3.000000
77.448557 197.329590 3.000000
29.232117 232.193293 3.000000
24.938854 241.110069 3.000000
16.352328 247.384838 3.000000
185.440836 260.594878 3.000000
152.678313 251.017599 0.000000
158.690505 276.116674 3.000000
86.365538 296.592236 3.000000
63.908471 287.675459 3.000000
114.106622 274.465419 3.000000
125.665406 272.814165 3.000000
163.974521 324.003068 3.000000
36.827890 351.744151 3.000000
135.572687 37.818362 3.000000
149.773480 34.515852 3.000000
156.708751 53.340159 3.000000
168.928037 39.139366 3.000000
175.533057 39.469617 3.000000
198.320375 26.589828 3.000000
186.101089 77.118230 3.000000
209.218658 75.797226 3.000000
201.622885 77.778732 3.000000
210.539662 86.035007 3.000000
198.980877 96.272787 3.000000
204.925395 124.674373 3.000000
217.474933 128.637384 3.000000
234.647984 133.591149 3.000000
228.373216 89.667768 3.000000
284.517670 64.898943 3.000000
292.443694 71.503963 3.000000
329.101554 79.429987 3.000000
400.599075 107.831572 3.000000
399.938573 124.674373 3.000000
386.398283 128.307133 3.000000
359.647952 121.371863 3.000000
408.525099 150.764201 3.000000
345.447160 146.470938 3.000000
357.005945 179.496037 3.000000
391.682299 176.193527 3.000000
442.871202 90.658520 3.000000
457.732497 85.704756 3.000000
449.806473 11.398283 3.000000
467.137431 19.778627 0.000000
479.198811 3.802510 3.000000
436.926684 12.389036 3.000000
436.266182 42.441876 3.000000
479.198811 105.519815 3.000000
451.787979 122.032365 3.000000
490.757596 202.613606 3.000000
493.729855 229.363937 3.000000
406.213342 261.849732 3.000000
411.167107 19.654557 3.000000
196.998542 289.845292 3.000000
268.663007 315.274618 3.000000
275.928529 318.246877 3.000000
283.194051 340.043442 3.000000
169.585362 393.955762 3.000000
84.383828 179.165786 4.000000
27.580862 250.026846 4.000000
203.604391 59.284676 4.000000
348.586362 61.266182 4.000000
337.357829 57.633421 4.000000
318.203271 49.707398 4.000000
294.094949 43.102378 4.000000
278.242901 26.589828 4.000000
284.847921 33.855350 4.000000
416.120872 139.865918 4.000000
427.019155 117.078600 4.000000
474.714481 338.956284 0.000000
469.250000 324.270492 0.000000
486.326503 316.073770 0.000000
200.807377 197.562842 0.000000
256.818306 88.956284 0.000000
135.233607 104.325137 0.000000
131.476776 57.535519 0.000000
32.774590 192.439891 0.000000
29.700820 433.560109 0.000000
24.577869 419.557377 0.000000
16.381148 438.341530 0.000000
8.867486 461.565574 0.000000
490.766393 114.229508 0.000000
493.840164 10.062842 0.000000
491.449454 35.336066 0.000000
157.433060 125.841530 0.000000
207.979508 133.013661 0.000000
462.419399 97.836066 0.000000
54.974044 180.486339 0.000000
95.957650 399.407104 0.000000
177.241803 382.672131 0.000000
88.785519 411.360656 0.000000
