7.043321 155.375090 2.000000
72.025271 144.996029 2.000000
84.660650 143.642238 2.000000
161.826715 136.422021 2.000000
139.720292 199.270778 2.000000
176.723902 179.866446 2.000000
88.722022 291.225676 2.000000
171.303249 350.792463 2.000000
56.682310 495.310469 2.000000
80.599278 472.296029 2.000000
65.707581 464.624549 2.000000
54.877256 453.342960 2.000000
71.122744 394.227437 2.000000
82.855596 387.909747 2.000000
126.631395 442.512635 2.000000
179.429228 447.927798 2.000000
152.353416 464.624549 2.000000
127.985185 492.151625 2.000000
210.566413 409.570397 2.000000
302.641235 453.794224 2.000000
273.760369 425.815884 2.000000
327.009466 417.693141 2.000000
479.549730 480.418773 2.000000
18.324910 74.147653 3.000000
10.653430 107.992419 3.000000
39.534296 115.663899 3.000000
50.815884 132.360650 3.000000
8.397112 175.230686 3.000000
96.844765 143.190974 3.000000
97.747292 166.656678 3.000000
111.285199 171.620577 3.000000
127.530686 169.815523 3.000000
127.981949 159.436462 3.000000
105.870036 128.299278 3.000000
111.736462 94.003249 3.000000
129.335740 92.649458 3.000000
123.920578 136.873285 3.000000
178.072202 120.627798 3.000000
189.805054 125.140433 3.000000
193.866426 112.053790 3.000000
204.696751 106.638628 3.000000
225.003610 99.869675 3.000000
226.808664 126.494224 3.000000
209.209386 80.014079 3.000000
204.245487 65.573646 3.000000
180.779783 56.999639 3.000000
141.068592 127.530686 3.000000
178.072202 138.361011 3.000000
183.487365 148.740072 3.000000
196.574007 139.263538 3.000000
191.609373 79.858522 3.000000
165.887351 78.053468 3.000000
149.641864 101.067909 3.000000
250.731662 188.239323 3.000000
215.984369 171.091309 3.000000
215.533106 157.553403 3.000000
228.168485 158.907193 3.000000
232.229857 148.528132 3.000000
246.670290 110.170731 3.000000
251.182925 121.903583 3.000000
197.482025 199.722041 3.000000
195.676971 215.516265 3.000000
198.835816 245.299658 3.000000
172.662531 247.555976 3.000000
174.918848 224.090272 3.000000
175.370112 197.465723 3.000000
162.734733 196.111933 3.000000
158.222097 183.476554 3.000000
140.622819 177.610128 3.000000
168.145532 160.506521 3.000000
155.510153 163.214103 3.000000
154.607626 152.383778 3.000000
146.484882 152.835041 3.000000
146.935018 293.481994 3.000000
144.227437 271.821344 3.000000
132.043321 283.102933 3.000000
127.981949 270.016290 3.000000
130.689531 249.258167 3.000000
117.151625 249.709431 3.000000
111.285199 230.756362 3.000000
65.256318 227.597518 3.000000
49.010830 234.817734 3.000000
53.974729 200.521705 3.000000
52.620939 254.673330 3.000000
72.476534 260.539756 3.000000
64.353791 268.211236 3.000000
72.025271 282.200406 3.000000
34.570397 288.518095 3.000000
30.960289 269.565027 3.000000
20.581227 271.821344 3.000000
28.252708 326.875496 4.000000
18.324910 346.279828 3.000000
80.599278 359.366471 3.000000
99.101083 340.864666 3.000000
103.613718 299.348420 3.000000
129.335740 303.861055 3.000000
137.007220 325.521705 3.000000
142.422383 360.268998 3.000000
156.411552 334.546976 3.000000
142.873646 348.987409 3.000000
200.184116 351.243727 3.000000
208.758123 338.608348 3.000000
201.537906 328.680550 3.000000
184.841155 331.388131 3.000000
222.296029 322.814124 3.000000
231.321300 329.583077 3.000000
36.375451 457.404332 3.000000
31.411552 404.155235 3.000000
126.628159 396.032491 3.000000
165.436823 376.628159 3.000000
169.949458 388.812274 3.000000
183.487365 370.761733 3.000000
229.978148 373.018051 3.000000
213.732660 361.736462 3.000000
239.454682 382.945848 3.000000
255.700169 417.241877 3.000000
244.418581 461.014440 3.000000
250.285007 489.895307 3.000000
317.532932 494.859206 3.000000
303.995026 478.613718 3.000000
289.103329 428.523466 3.000000
322.948094 465.527076 3.000000
339.193582 470.490975 3.000000
332.424629 482.675090 3.000000
352.731488 497.115523 3.000000
392.907130 483.577617 3.000000
394.260921 497.115523 3.000000
414.116517 483.126354 3.000000
419.982943 465.075812 3.000000
413.213990 447.476534 3.000000
440.289802 439.805054 3.000000
418.177889 428.974729 3.000000
438.936011 483.577617 3.000000
436.228430 465.527076 3.000000
468.719405 462.819495 3.000000
480.452257 447.025271 3.000000
491.733845 490.346570 3.000000
497.149008 470.039711 3.000000
90.075812 157.180144 4.000000
28.252708 326.875496 4.000000
10.202166 480.418773 4.000000
275.565423 468.685921 4.000000
194.318306 160.336066 0.000000
224.372951 113.887978 0.000000
188.512295 176.387978 0.000000
228.812842 175.363388 0.000000
257.842896 155.213115 0.000000
112.351093 267.576503 0.000000
86.053279 249.133880 0.000000
91.176230 323.928962 0.000000
43.020492 325.978142 0.000000
173.143443 292.166667 0.000000
216.005464 490.937158 0.000000
295.923497 384.379781 0.000000
198.758197 43.874317 0.000000
198.075137 28.163934 0.000000
184.413934 31.237705 0.000000
169.045082 38.068306 0.000000
164.605191 53.437158 0.000000
109.618852 50.021858 0.000000
116.790984 76.319672 0.000000
124.646175 62.316940 0.000000
126.353825 78.027322 0.000000
101.080601 98.177596 0.000000
32.774590 89.980874 0.000000
49.851093 109.789617 0.000000
359.960383 456.101093 0.000000
158.116120 230.349727 0.000000
83.662568 181.510929 0.000000
150.260929 289.775956 0.000000
233.594262 212.931694 0.000000
