87.026334 8.395859 1.000000
452.448481 99.435036 1.000000
423.386394 79.950227 1.000000
427.019155 97.123279 1.000000
442.871202 117.268589 1.000000
283.688904 68.881517 1.000000
278.735139 88.696577 1.000000
262.552841 108.841887 1.000000
232.500000 91.338585 1.000000
231.509247 112.474648 1.000000
77.448104 301.262005 1.000000
79.430012 492.573976 1.000000
92.640052 482.666446 1.000000
92.309801 459.879128 1.000000
61.266208 470.447160 1.000000
50.698176 463.511889 1.000000
62.917463 446.338838 1.000000
61.596459 416.946499 1.000000
77.778757 401.424703 1.000000
82.072020 422.230515 1.000000
88.346789 435.440555 1.000000
95.612311 425.533025 1.000000
120.711386 436.101057 1.000000
102.547582 416.285997 1.000000
120.381135 416.616248 1.000000
114.436617 404.396962 1.000000
124.674398 372.032365 1.000000
165.953316 458.227873 1.000000
153.073527 439.733818 1.000000
456.411493 493.894980 1.000000
469.951783 480.684941 1.000000
102.548405 82.322852 2.000000
72.825815 130.869747 2.000000
77.449329 143.749536 2.000000
63.578788 163.234344 2.000000
397.957067 48.906634 2.000000
372.857992 65.419183 2.000000
28.901585 230.519815 2.000000
48.056143 204.760238 2.000000
4.462635 378.540737 2.000000
194.357332 336.860634 2.000000
107.171644 10.047113 3.000000
131.940468 8.395859 3.000000
142.838751 15.991631 3.000000
17.013398 84.634609 3.000000
53.010756 52.270012 3.000000
73.486317 63.828796 3.000000
69.523306 82.653103 3.000000
130.949990 81.001848 3.000000
129.628986 94.542138 3.000000
129.959237 126.906735 3.000000
99.906397 134.172257 3.000000
109.813926 191.305679 3.000000
157.370069 190.645177 3.000000
149.444045 147.712548 3.000000
78.770333 169.178862 3.000000
96.273636 98.505150 3.000000
43.103226 95.863142 3.000000
458.392999 22.816806 3.000000
428.340159 16.542037 3.000000
483.161823 28.761323 3.000000
470.612285 77.308219 3.000000
480.850066 60.795670 3.000000
435.935931 45.604124 3.000000
459.383752 72.684705 3.000000
484.152576 135.432394 3.000000
332.567371 10.597519 3.000000
329.264861 48.246132 3.000000
398.947820 12.909276 3.000000
336.530383 127.176119 3.000000
370.876486 111.324071 3.000000
303.503963 56.001729 3.000000
277.414135 44.773195 3.000000
294.587187 91.008334 3.000000
280.386394 117.758664 3.000000
283.358653 128.326696 3.000000
357.004624 147.151002 3.000000
344.124835 145.169496 3.000000
357.995377 176.213089 3.000000
350.399604 199.991161 3.000000
297.889697 163.333301 3.000000
293.266183 153.095520 3.000000
277.083884 146.160249 3.000000
277.083884 161.021544 3.000000
270.478864 185.129866 3.000000
277.414135 199.660910 3.000000
227.546236 141.866986 3.000000
244.389036 145.829998 3.000000
208.721929 158.379536 3.000000
190.558125 157.388783 3.000000
408.523778 189.423129 3.000000
353.702114 124.033433 3.000000
16.021797 116.913474 3.000000
18.333554 139.700793 3.000000
4.463012 161.497358 3.000000
41.781374 185.935931 3.000000
30.883091 178.340159 3.000000
15.031044 187.917437 3.000000
26.920079 188.908190 3.000000
53.339782 277.814184 3.000000
51.358276 292.675479 3.000000
80.420363 321.407315 3.000000
96.932913 283.428451 3.000000
96.272411 319.756060 3.000000
85.043877 335.938359 3.000000
69.191830 351.129904 3.000000
51.358276 343.203881 3.000000
44.092754 361.697936 3.000000
64.238065 380.191992 3.000000
88.016136 389.769270 3.000000
21.965938 411.565836 3.000000
12.388659 420.812863 3.000000
49.046921 427.514531 3.000000
66.550224 407.699472 3.000000
132.270171 296.404888 3.000000
155.057464 246.702114 3.000000
140.856671 255.618890 3.000000
135.902906 242.739102 3.000000
120.050859 252.316380 3.000000
103.868560 229.859313 3.000000
128.967635 209.053501 3.000000
136.893659 197.164465 3.000000
150.433950 206.741744 3.000000
168.597754 213.677015 3.000000
178.175033 193.531704 3.000000
188.412814 201.457728 3.000000
248.848745 226.887054 3.000000
275.929326 238.115588 3.000000
313.577939 251.655878 3.000000
283.194848 251.655878 3.000000
275.929326 262.554161 3.000000
245.876486 240.757596 3.000000
256.774769 266.186922 3.000000
242.904227 267.507926 3.000000
228.373184 264.535667 3.000000
234.317701 289.634742 3.000000
227.712682 307.468296 3.000000
224.410172 319.357332 3.000000
134.912153 308.128798 3.000000
135.902906 325.632100 3.000000
194.027081 349.079921 3.000000
208.227873 345.777411 3.000000
231.345443 335.539630 3.000000
249.509247 323.320343 3.000000
265.691546 312.091810 3.000000
280.222589 292.607001 3.000000
259.747028 288.974240 3.000000
257.105020 277.085205 3.000000
306.972919 310.110304 3.000000
315.559445 314.733818 3.000000
297.065390 317.045575 3.000000
275.929326 327.283355 3.000000
277.910832 341.484148 3.000000
158.687794 381.609643 3.000000
224.077490 365.757596 3.000000
217.142219 386.233157 3.000000
175.530594 389.205416 3.000000
192.703646 412.322985 3.000000
199.969168 407.038970 3.000000
191.712893 379.958388 3.000000
215.490964 429.826288 3.000000
195.345654 450.962351 3.000000
209.216196 476.721929 3.000000
211.858203 458.888375 3.000000
225.398494 454.595112 3.000000
244.222801 458.227873 3.000000
243.562299 438.082563 3.000000
242.571546 425.533025 3.000000
233.324518 398.452444 3.000000
252.809326 395.480185 3.000000
248.185812 361.134082 3.000000
241.911044 372.692867 3.000000
339.004835 411.332232 3.000000
336.693078 419.588507 3.000000
294.090700 411.332232 3.000000
300.365469 464.832893 3.000000
325.794795 467.474901 3.000000
261.726103 447.990092 3.000000
388.710040 286.105760 3.000000
326.953104 283.133501 3.000000
318.366579 357.109723 3.000000
327.613606 363.384492 3.000000
470.282034 197.928745 3.000000
490.757596 216.092550 3.000000
497.362616 241.852127 3.000000
465.658520 313.846843 3.000000
494.720608 311.865337 3.000000
465.328269 300.967054 3.000000
449.145971 297.004042 3.000000
432.963672 310.544333 3.000000
429.661162 301.627556 3.000000
457.732497 329.698890 3.000000
471.603038 357.439974 3.000000
489.766843 363.384492 3.000000
452.448481 339.606420 3.000000
430.321664 369.989511 3.000000
413.478864 378.245786 3.000000
370.215984 396.801189 3.000000
359.647952 416.946499 3.000000
376.490753 414.964993 3.000000
370.215984 437.091810 3.000000
355.684941 444.027081 3.000000
343.465654 433.789300 3.000000
365.922721 489.601717 3.000000
450.466975 433.128798 3.000000
482.501321 448.980845 3.000000
486.464333 421.239762 3.000000
458.723250 420.249009 3.000000
454.429987 395.480185 3.000000
474.245046 437.091810 3.000000
490.757596 463.511889 3.000000
328.934610 310.605680 3.000000
340.823646 308.954425 3.000000
28.901209 258.329376 4.000000
9.746651 314.472044 4.000000
365.766393 208.491803 0.000000
338.443989 237.180328 0.000000
317.610656 242.986339 0.000000
328.539617 154.530055 0.000000
405.725410 66.073770 0.000000
373.621585 48.997268 0.000000
362.692623 33.628415 0.000000
341.517760 25.773224 0.000000
325.807377 21.333333 0.000000
448.416667 133.013661 0.000000
289.605191 110.472678 0.000000
416.825137 481.374317 0.000000
329.393443 402.139344 0.000000
450.124317 53.095628 0.000000
436.121585 74.612022 0.000000
469.591530 93.737705 0.000000
430.315574 140.868852 0.000000
388.990437 77.685792 0.000000
457.637978 144.284153 0.000000
244.181694 65.732240 0.000000
212.077869 78.710383 0.000000
199.441257 63.000000 0.000000
151.627049 23.382514 0.000000
99.372951 50.021858 0.000000
6.306011 33.286885 0.000000
93.566940 374.816940 0.000000
102.788251 363.887978 0.000000
93.566940 353.300546 0.000000
169.045082 406.237705 0.000000
48.484973 228.642077 0.000000
88.443989 222.494536 0.000000
18.771858 148.687429 0.000000
19.796448 198.892347 0.000000
15.356557 211.528959 0.000000
81.954918 30.896175 0.000000
116.449454 39.775956 0.000000
218.908470 481.032787 0.000000
237.351093 491.620219 0.000000
217.542350 413.068306 0.000000
469.933060 492.303279 0.000000
458.321038 479.325137 0.000000
