138.812274 13.812274 1.000000
172.657040 4.335740 1.000000
203.342960 20.129964 1.000000
201.989170 42.693141 1.000000
178.072202 21.935018 1.000000
150.996390 34.570397 1.000000
83.306859 19.227437 1.000000
87.819495 32.765343 1.000000
76.989170 45.400722 1.000000
67.963899 31.862816 1.000000
63.000000 4.335740 1.000000
60.743682 75.184116 1.000000
64.805054 91.880866 1.000000
68.866426 111.736462 1.000000
92.783394 137.458484 1.000000
97.296029 113.541516 1.000000
110.382671 103.613718 1.000000
111.736462 93.234657 1.000000
114.895307 115.346570 1.000000
127.079422 149.642599 1.000000
109.480144 172.657040 1.000000
101.357401 157.314079 1.000000
155.509025 170.400722 1.000000
199.732852 154.155235 1.000000
200.635379 138.361011 1.000000
185.292419 118.054152 1.000000
200.635379 99.101083 1.000000
174.462094 92.783394 1.000000
167.693141 74.732852 1.000000
190.256318 63.902527 1.000000
190.256318 78.794224 1.000000
226.808664 90.978339 1.000000
226.808664 73.830325 1.000000
232.223827 116.700361 1.000000
222.296029 132.494585 1.000000
268.776173 45.851986 1.000000
248.920578 33.216606 1.000000
237.187726 13.812274 1.000000
246.664260 68.415162 1.000000
246.657053 171.759562 1.000000
234.472938 196.127793 1.000000
227.252721 186.651259 1.000000
204.238281 182.138624 1.000000
228.606512 217.337180 1.000000
228.606512 234.485194 1.000000
208.750916 218.690970 1.000000
176.259941 219.142234 1.000000
164.075826 212.373281 1.000000
161.368245 188.456313 1.000000
275.545126 86.916968 2.000000
290.436823 79.696751 2.000000
310.743682 49.462094 2.000000
356.772563 7.043321 2.000000
356.772563 35.924188 2.000000
394.678700 6.140794 2.000000
394.227437 86.014440 2.000000
438.902527 74.732852 2.000000
398.288809 129.787004 2.000000
353.162455 169.498195 2.000000
357.675090 211.916968 2.000000
424.913357 209.660650 2.000000
449.281588 169.498195 2.000000
472.296029 236.285199 2.000000
408.667870 229.064982 2.000000
402.350181 278.252708 2.000000
336.014440 254.787004 2.000000
353.162455 281.411552 2.000000
292.693141 177.169675 2.000000
308.036101 176.267148 2.000000
279.155235 141.519856 2.000000
270.129964 151.898917 2.000000
275.996390 164.985560 2.000000
253.433213 146.483755 2.000000
342.783394 112.187726 2.000000
330.148014 135.653430 2.000000
234.472938 145.586277 2.000000
195.285753 242.229417 2.000000
210.104707 266.976169 2.000000
223.642613 262.914797 2.000000
187.090266 329.701801 2.000000
139.707595 304.431043 2.000000
139.707595 322.932848 2.000000
116.241891 209.214436 2.000000
391.068592 346.844765 2.000000
357.675090 348.649819 2.000000
336.014440 332.404332 2.000000
312.768682 347.339803 2.000000
193.853336 350.906137 2.000000
221.715158 346.961283 2.000000
486.736462 268.776173 3.000000
325.184116 291.339350 3.000000
301.601894 302.431678 3.000000
323.830325 316.610108 3.000000
286.826715 208.641605 3.000000
288.966515 269.824186 3.000000
277.044403 269.110919 3.000000
182.359402 272.085554 3.000000
242.595681 281.416602 3.000000
223.642613 321.579057 3.000000
210.104707 316.615158 3.000000
102.703985 327.445483 3.000000
102.703985 339.629598 3.000000
89.166078 280.965339 3.000000
472.296029 428.523466 3.000000
325.622289 393.776173 3.000000
290.947740 333.306859 3.000000
173.095214 351.357401 3.000000
171.290159 385.202166 3.000000
150.080773 363.090253 3.000000
163.167416 440.256318 3.000000
150.532037 448.379061 3.000000
159.557307 431.231047 3.000000
277.337091 452.440433 4.000000
464.173285 427.169675 4.000000
483.126354 417.693141 4.000000
463.722022 466.880866 4.000000
458.306859 412.277978 4.000000
373.469314 361.285199 4.000000
405.057762 410.924188 4.000000
384.750903 417.693141 4.000000
372.566787 414.083032 4.000000
384.750903 447.927798 4.000000
289.972470 380.689531 4.000000
268.311820 405.960289 4.000000
305.766694 426.267148 4.000000
308.925538 459.209386 4.000000
317.950809 492.151625 4.000000
256.127704 449.732852 4.000000
227.246838 464.624549 4.000000
212.806405 431.231047 4.000000
206.037452 473.198556 4.000000
204.683661 493.505415 4.000000
177.156585 494.859206 4.000000
197.914708 409.570397 4.000000
197.914708 443.866426 4.000000
192.950809 371.664260 4.000000
148.275719 409.119134 4.000000
137.896658 382.043321 4.000000
138.799185 479.967509 4.000000
84.345628 408.286885 0.000000
80.588798 399.065574 0.000000
90.493169 388.819672 0.000000
91.517760 423.997268 0.000000
104.837432 411.702186 0.000000
92.200820 450.295082 0.000000
78.198087 459.516393 0.000000
73.758197 470.786885 0.000000
15.356557 394.625683 0.000000
35.848361 413.751366 0.000000
30.383880 420.581967 0.000000
7.159836 483.423497 0.000000
45.752732 332.808743 0.000000
27.310109 373.450820 0.000000
4.769126 365.937158 0.000000
3.061475 310.609290 0.000000
5.793716 324.612022 0.000000
13.648907 300.704918 0.000000
26.285519 280.896175 0.000000
5.452186 279.530055 0.000000
131.476776 431.852459 0.000000
127.378415 419.898907 0.000000
127.378415 449.270492 0.000000
96.982240 494.693989 0.000000
149.919399 98.860656 0.000000
135.233607 86.565574 0.000000
101.080601 65.732240 0.000000
65.903005 198.928962 0.000000
47.801913 122.426230 0.000000
52.583333 116.961749 0.000000
62.829235 138.136612 0.000000
84.004098 166.483607 0.000000
28.676230 120.035519 0.000000
36.360656 54.461749 0.000000
37.726776 30.554645 0.000000
27.480874 13.478142 0.000000
