403.000000 448.000000 1.000000
404.000000 472.000000 1.000000
406.000000 481.000000 1.000000
415.000000 434.000000 1.000000
418.000000 417.000000 1.000000
424.000000 397.000000 1.000000
426.000000 406.000000 1.000000
433.000000 402.000000 1.000000
433.000000 488.000000 1.000000
440.000000 397.000000 1.000000
450.000000 384.000000 1.000000
452.000000 453.000000 1.000000
462.000000 385.000000 1.000000
469.000000 376.000000 1.000000
477.000000 363.000000 1.000000
480.000000 374.000000 1.000000
485.000000 456.000000 1.000000
490.000000 365.000000 1.000000
499.000000 355.000000 1.000000
499.000000 370.000000 1.000000
500.000000 444.000000 1.000000
17.000000 204.003483 2.000000
20.000000 257.000000 2.000000
25.000000 241.000000 2.000000
25.493216 276.739824 2.000000
30.000000 139.000000 2.000000
32.000000 294.000000 2.000000
34.000000 195.000000 2.000000
36.000000 151.000000 2.000000
41.000000 141.000000 2.000000
44.000000 236.000000 2.000000
51.000000 179.000000 2.000000
55.000000 237.000000 2.000000
55.000000 363.000000 2.000000
66.000000 334.000000 2.000000
67.000000 355.000000 2.000000
70.000000 491.000000 2.000000
74.757915 5.242085 2.000000
77.000000 477.000000 2.000000
101.000000 480.000000 2.000000
107.000000 170.000000 2.000000
112.000000 391.000000 2.000000
120.000000 250.000000 2.000000
125.000000 371.000000 2.000000
126.242085 2.753392 2.000000
131.000000 409.000000 2.000000
135.000000 249.000000 2.000000
135.000000 353.000000 2.000000
140.000000 218.000000 2.000000
145.000000 207.000000 2.000000
143.242085 232.497739 2.000000
150.000000 381.000000 2.000000
158.000000 212.000000 2.000000
163.000000 335.000000 2.000000
168.000000 400.000000 2.000000
178.000000 238.000000 2.000000
183.000000 316.000000 2.000000
185.000000 467.000000 2.000000
193.000000 293.000000 2.000000
193.000000 399.000000 2.000000
198.000000 473.000000 2.000000
207.000000 246.000000 2.000000
209.000000 282.000000 2.000000
219.000000 414.000000 2.000000
221.003483 262.000000 2.000000
224.000000 128.000000 2.000000
227.000000 249.000000 2.000000
228.000000 91.000000 2.000000
232.000000 363.000000 2.000000
241.498258 251.006966 2.000000
254.000000 370.000000 2.000000
279.748869 142.242085 2.000000
305.000000 314.000000 2.000000
311.000000 397.000000 2.000000
323.995477 457.981910 2.000000
339.000000 402.000000 2.000000
339.000000 476.000000 2.000000
340.000000 440.000000 2.000000
352.000000 414.000000 2.000000
355.000000 380.000000 2.000000
357.000000 476.000000 2.000000
361.000000 452.000000 2.000000
365.000000 311.000000 2.000000
363.990955 147.995477 2.000000
366.000000 383.000000 2.000000
366.000000 402.000000 2.000000
374.000000 369.000000 2.000000
374.000000 438.000000 2.000000
375.000000 315.000000 2.000000
382.000000 358.000000 2.000000
385.000000 457.000000 2.000000
387.000000 80.497739 2.000000
387.000000 489.000000 2.000000
389.000000 328.000000 2.000000
389.000000 399.000000 2.000000
396.000000 266.000000 2.000000
402.000000 395.000000 2.000000
403.000000 496.000000 2.000000
405.000000 373.000000 2.000000
408.000000 318.000000 2.000000
409.000000 345.000000 2.000000
410.000000 216.000000 2.000000
414.000000 263.000000 2.000000
416.000000 128.000000 2.000000
416.000000 313.000000 2.000000
418.000000 343.000000 2.000000
419.000000 370.000000 2.000000
422.000000 281.000000 2.000000
424.000000 247.000000 2.000000
427.000000 227.000000 2.000000
429.000000 374.000000 2.000000
431.000000 292.000000 2.000000
435.000000 357.000000 2.000000
436.000000 123.000000 2.000000
438.000000 340.000000 2.000000
441.000000 261.000000 2.000000
441.000000 284.000000 2.000000
446.000000 239.000000 2.000000
452.000000 252.000000 2.000000
452.246608 145.493216 2.000000
453.000000 472.000000 2.000000
455.000000 158.000000 2.000000
456.000000 274.000000 2.000000
457.000000 211.000000 2.000000
458.000000 190.000000 2.000000
469.000000 137.000000 2.000000
470.000000 98.000000 2.000000
470.000000 220.000000 2.000000
473.000000 257.502261 2.000000
479.000000 83.000000 2.000000
479.000000 265.000000 2.000000
481.000000 248.000000 2.000000
482.000000 341.000000 2.000000
482.000000 500.000000 2.000000
484.000000 491.000000 2.000000
485.000000 165.000000 2.000000
485.000000 317.000000 2.000000
486.000000 142.000000 2.000000
486.000000 476.000000 2.000000
489.000000 2.000000 2.000000
489.000000 12.000000 2.000000
492.004523 259.497739 2.000000
492.497739 331.995477 2.000000
494.000000 40.000000 2.000000
2.000000 8.000000 3.000000
2.000000 102.006966 3.000000
2.000000 186.000000 3.000000
2.000000 200.000000 3.000000
2.000000 218.000000 3.000000
2.000000 255.000000 3.000000
2.000000 337.000000 3.000000
2.000000 358.000000 3.000000
2.000000 378.000000 3.000000
2.765299 473.469402 3.000000
3.000000 24.000000 3.000000
4.255653 304.748869 3.000000
6.000000 121.000000 3.000000
5.748869 346.497739 3.000000
7.000000 265.000000 3.000000
5.995477 314.242085 3.000000
8.000000 37.000000 3.000000
7.497739 70.493216 3.000000
8.748869 53.497739 3.000000
7.744347 180.000000 3.000000
9.000000 226.000000 3.000000
9.000000 239.000000 3.000000
9.000000 329.000000 3.000000
12.000000 275.000000 3.000000
13.000000 88.000000 3.000000
13.000000 197.000000 3.000000
13.000000 287.000000 3.000000
10.990955 352.242085 3.000000
13.497739 297.493216 3.000000
15.242085 18.233040 3.000000
14.488693 39.251131 3.000000
16.497739 68.497739 3.000000
14.739824 79.497739 3.000000
18.000000 59.000000 3.000000
18.246608 181.502261 3.000000
19.000000 325.000000 3.000000
19.000000 491.000000 3.000000
20.000000 171.000000 3.000000
22.000000 228.000000 3.000000
22.000000 317.000000 3.000000
21.995477 304.748869 3.000000
22.995477 210.497739 3.000000
24.000000 343.000000 3.000000
25.000000 19.000000 3.000000
26.000000 366.000000 3.000000
27.000000 268.000000 3.000000
28.000000 40.000000 3.000000
28.744347 71.246608 3.000000
32.000000 5.000000 3.000000
30.237563 330.990955 3.000000
36.009045 124.242085 3.000000
33.242085 34.246608 3.000000
35.000000 165.739824 3.000000
36.000000 283.000000 3.000000
35.748869 320.995477 3.000000
38.000000 112.000000 3.000000
38.000000 265.000000 3.000000
37.493216 303.493216 3.000000
40.000000 250.000000 3.000000
42.000000 479.000000 3.000000
43.000000 101.000000 3.000000
44.000000 41.000000 3.000000
44.000000 293.000000 3.000000
43.242085 158.497739 3.000000
45.000000 279.000000 3.000000
45.000000 349.000000 3.000000
48.000000 120.000000 3.000000
46.242085 211.242085 3.000000
48.000000 227.000000 3.000000
48.000000 326.000000 3.000000
49.000000 403.000000 3.000000
50.000000 198.000000 3.000000
50.000000 264.000000 3.000000
51.000000 10.000000 3.000000
51.000000 32.000000 3.000000
53.000000 22.000000 3.000000
53.000000 255.000000 3.000000
54.000000 98.000000 3.000000
55.000000 302.000000 3.000000
56.000000 2.000000 3.000000
56.000000 342.000000 3.000000
58.004523 128.488693 3.000000
57.000000 421.000000 3.000000
55.990955 117.502261 3.000000
59.000000 409.000000 3.000000
60.000000 84.000000 3.000000
60.497739 195.242085 3.000000
58.237563 227.748869 3.000000
61.000000 288.000000 3.000000
60.995477 66.990955 3.000000
62.000000 277.000000 3.000000
65.251131 164.744347 3.000000
66.000000 60.000000 3.000000
65.748869 264.990955 3.000000
66.000000 384.000000 3.000000
65.493216 94.000000 3.000000
65.744347 185.000000 3.000000
68.000000 153.000000 3.000000
68.251131 253.744347 3.000000
72.000000 222.000000 3.000000
73.000000 143.000000 3.000000
73.748869 52.000000 3.000000
74.000000 245.000000 3.000000
73.744347 235.744347 3.000000
76.000000 103.000000 3.000000
73.739824 207.497739 3.000000
79.000000 77.000000 3.000000
79.000000 185.000000 3.000000
79.000000 272.000000 3.000000
80.000000 12.000000 3.000000
80.000000 38.000000 3.000000
81.000000 92.000000 3.000000
79.744347 291.004523 3.000000
82.000000 30.000000 3.000000
82.000000 129.000000 3.000000
82.000000 226.000000 3.000000
83.000000 307.000000 3.000000
86.000000 152.000000 3.000000
82.484171 170.748869 3.000000
88.000000 251.000000 3.000000
88.000000 270.000000 3.000000
90.000000 61.497739 3.000000
91.000000 400.000000 3.000000
92.251131 72.990955 3.000000
92.000000 197.000000 3.000000
92.000000 301.000000 3.000000
92.000000 475.000000 3.000000
93.000000 46.000000 3.000000
94.000000 130.000000 3.000000
96.000000 140.000000 3.000000
96.000000 449.000000 3.000000
95.242085 12.739824 3.000000
97.000000 33.000000 3.000000
97.000000 99.000000 3.000000
97.000000 157.000000 3.000000
98.000000 179.000000 3.000000
96.744347 238.748869 3.000000
100.000000 2.000000 3.000000
98.995477 81.502261 3.000000
100.000000 294.000000 3.000000
101.000000 110.000000 3.000000
101.995477 22.497739 3.000000
103.000000 259.000000 3.000000
105.000000 140.000000 3.000000
106.000000 186.000000 3.000000
106.000000 458.000000 3.000000
107.000000 207.000000 3.000000
107.000000 228.000000 3.000000
108.000000 248.000000 3.000000
109.000000 78.000000 3.000000
110.000000 129.000000 3.000000
111.000000 112.000000 3.000000
113.000000 19.000000 3.000000
114.000000 149.000000 3.000000
114.000000 161.000000 3.000000
114.000000 413.000000 3.000000
114.497739 59.251131 3.000000
115.000000 90.000000 3.000000
115.000000 241.000000 3.000000
115.000000 430.000000 3.000000
116.000000 325.000000 3.000000
118.000000 489.000000 3.000000
119.000000 2.000000 3.000000
119.000000 470.000000 3.000000
120.000000 134.000000 3.000000
123.000000 212.000000 3.000000
124.000000 52.000000 3.000000
124.000000 148.000000 3.000000
125.000000 421.000000 3.000000
125.995477 64.000000 3.000000
127.000000 189.000000 3.000000
128.000000 35.000000 3.000000
128.000000 102.000000 3.000000
129.000000 203.000000 3.000000
129.000000 440.000000 3.000000
128.493216 77.748869 3.000000
131.000000 121.000000 3.000000
131.000000 138.000000 3.000000
131.000000 171.000000 3.000000
131.000000 299.000000 3.000000
134.000000 427.000000 3.000000
134.748869 57.493216 3.000000
135.753392 87.497739 3.000000
135.000000 159.000000 3.000000
135.000000 397.000000 3.000000
136.000000 21.000000 3.000000
137.000000 45.000000 3.000000
138.000000 447.000000 3.000000
139.000000 12.000000 3.000000
139.000000 413.000000 3.000000
140.000000 106.000000 3.000000
140.000000 175.000000 3.000000
144.000000 118.246608 3.000000
146.000000 399.000000 3.000000
147.000000 2.000000 3.000000
146.246608 19.744347 3.000000
147.000000 181.000000 3.000000
149.493216 89.497739 3.000000
151.000000 310.000000 3.000000
151.000000 361.000000 3.000000
153.000000 105.000000 3.000000
153.000000 197.000000 3.000000
154.000000 150.000000 3.000000
154.000000 462.000000 3.000000
156.000000 352.000000 3.000000
158.000000 396.000000 3.000000
161.246608 95.995477 3.000000
162.000000 445.000000 3.000000
163.000000 415.000000 3.000000
163.497739 165.246608 3.000000
165.000000 478.000000 3.000000
166.000000 354.000000 3.000000
166.000000 438.000000 3.000000
167.000000 2.000000 3.000000
167.000000 58.000000 3.000000
167.000000 127.000000 3.000000
167.000000 148.000000 3.000000
168.000000 366.000000 3.000000
169.000000 85.000000 3.000000
169.000000 384.000000 3.000000
172.000000 115.000000 3.000000
174.000000 154.000000 3.000000
174.000000 183.000000 3.000000
176.000000 423.000000 3.000000
177.000000 100.000000 3.000000
180.000000 144.000000 3.000000
180.765299 364.000000 3.000000
181.000000 4.000000 3.000000
183.000000 382.000000 3.000000
185.000000 127.000000 3.000000
185.000000 222.000000 3.000000
183.237563 192.493216 3.000000
184.744347 243.000000 3.000000
187.000000 73.000000 3.000000
187.000000 165.000000 3.000000
187.000000 454.000000 3.000000
188.000000 432.000000 3.000000
189.000000 340.000000 3.000000
190.000000 151.000000 3.000000
192.000000 114.000000 3.000000
193.000000 55.000000 3.000000
194.000000 97.000000 3.000000
194.000000 246.000000 3.000000
195.000000 206.000000 3.000000
196.000000 87.000000 3.000000
196.000000 353.000000 3.000000
196.000000 387.000000 3.000000
197.000000 254.000000 3.000000
198.000000 43.000000 3.000000
198.000000 325.000000 3.000000
199.000000 13.000000 3.000000
200.000000 120.000000 3.000000
200.000000 183.000000 3.000000
201.000000 342.000000 3.000000
203.000000 35.000000 3.000000
203.000000 80.000000 3.000000
203.000000 109.000000 3.000000
205.000000 140.000000 3.000000
206.000000 355.000000 3.000000
207.000000 148.000000 3.000000
206.246608 167.493216 3.000000
208.000000 50.000000 3.000000
209.000000 191.246608 3.000000
209.000000 255.000000 3.000000
209.000000 329.000000 3.000000
208.242085 25.246608 3.000000
207.488693 98.246608 3.000000
210.000000 306.000000 3.000000
211.753392 71.744347 3.000000
211.000000 218.000000 3.000000
211.995218 14.493216 3.000000
213.000000 359.000000 3.000000
213.000000 482.000000 3.000000
215.000000 155.000000 3.000000
216.000000 88.000000 3.000000
217.000000 208.000000 3.000000
218.000000 119.000000 3.000000
218.000000 313.000000 3.000000
219.000000 229.000000 3.000000
219.000000 335.000000 3.000000
218.744347 77.246608 3.000000
220.000000 477.000000 3.000000
221.000000 54.000000 3.000000
222.000000 37.000000 3.000000
222.995477 102.246608 3.000000
224.000000 220.000000 3.000000
225.000000 9.000000 3.000000
226.000000 171.000000 3.000000
226.000000 210.000000 3.000000
227.000000 69.000000 3.000000
227.000000 159.000000 3.000000
227.000000 194.000000 3.000000
228.000000 469.000000 3.000000
229.000000 410.000000 3.000000
230.000000 290.000000 3.000000
231.000000 109.000000 3.000000
231.000000 181.000000 3.000000
229.739824 142.753392 3.000000
232.000000 279.000000 3.000000
234.000000 164.000000 3.000000
234.000000 232.000000 3.000000
234.000000 495.000000 3.000000
235.000000 70.000000 3.000000
236.000000 322.000000 3.000000
239.000000 152.000000 3.000000
240.000000 117.000000 3.000000
240.000000 205.000000 3.000000
241.000000 195.000000 3.000000
242.000000 27.000000 3.000000
239.488693 55.981910 3.000000
242.000000 299.000000 3.000000
243.000000 102.000000 3.000000
243.000000 226.000000 3.000000
244.000000 167.000000 3.000000
244.000000 495.000000 3.000000
246.000000 6.000000 3.000000
247.000000 49.000000 3.000000
247.000000 88.000000 3.000000
247.000000 285.000000 3.000000
247.000000 462.000000 3.000000
250.000000 177.000000 3.000000
251.000000 262.000000 3.000000
251.000000 324.000000 3.000000
250.242085 28.981910 3.000000
252.000000 275.000000 3.000000
252.000000 482.000000 3.000000
255.000000 189.000000 3.000000
255.000000 351.000000 3.000000
256.000000 224.000000 3.000000
257.000000 106.000000 3.000000
257.000000 201.000000 3.000000
259.000000 264.000000 3.000000
260.000000 175.000000 3.000000
260.000000 448.000000 3.000000
261.000000 122.000000 3.000000
261.000000 406.000000 3.000000
262.000000 22.000000 3.000000
262.000000 137.000000 3.000000
263.000000 215.000000 3.000000
265.000000 84.000000 3.000000
265.000000 252.000000 3.000000
265.000000 467.000000 3.000000
266.000000 61.000000 3.000000
266.000000 454.000000 3.000000
267.000000 29.986432 3.000000
267.000000 261.000000 3.000000
267.000000 484.000000 3.000000
268.000000 203.000000 3.000000
268.000000 366.000000 3.000000
268.000000 425.000000 3.000000
269.000000 342.000000 3.000000
269.000000 353.000000 3.000000
270.000000 40.242085 3.000000
270.000000 240.000000 3.000000
270.000000 383.000000 3.000000
271.000000 282.000000 3.000000
273.000000 67.000000 3.000000
275.000000 13.000000 3.000000
276.000000 318.000000 3.000000
277.000000 152.000000 3.000000
277.000000 227.000000 3.000000
277.000000 432.000000 3.000000
278.000000 79.000000 3.000000
278.000000 191.000000 3.000000
278.000000 412.000000 3.000000
279.000000 30.000000 3.000000
279.000000 246.000000 3.000000
279.000000 366.000000 3.000000
280.000000 105.000000 3.000000
280.000000 453.000000 3.000000
281.000000 92.000000 3.000000
281.000000 212.000000 3.000000
281.000000 353.000000 3.000000
282.000000 3.000000 3.000000
282.000000 257.000000 3.000000
282.000000 269.000000 3.000000
282.000000 291.000000 3.000000
283.000000 54.000000 3.000000
283.000000 387.000000 3.000000
283.995477 204.497739 3.000000
285.000000 424.000000 3.000000
286.000000 222.000000 3.000000
287.000000 181.000000 3.000000
287.000000 303.000000 3.000000
287.000000 440.000000 3.000000
288.000000 151.000000 3.000000
289.000000 367.000000 3.000000
288.739824 8.246608 3.000000
291.000000 192.000000 3.000000
291.000000 238.000000 3.000000
291.000000 285.000000 3.000000
291.000000 396.000000 3.000000
291.000000 409.000000 3.000000
292.000000 87.000000 3.000000
292.000000 138.000000 3.000000
293.000000 321.000000 3.000000
294.000000 465.234701 3.000000
295.000000 126.000000 3.000000
295.000000 249.000000 3.000000
296.000000 204.000000 3.000000
294.488693 24.000000 3.000000
297.000000 222.000000 3.000000
298.000000 41.000000 3.000000
298.000000 97.000000 3.000000
298.000000 483.000000 3.000000
299.000000 70.000000 3.000000
299.000000 182.000000 3.000000
299.000000 274.000000 3.000000
299.000000 446.000000 3.000000
300.000000 370.000000 3.000000
300.246608 418.739824 3.000000
302.000000 255.000000 3.000000
303.000000 153.000000 3.000000
303.000000 171.000000 3.000000
306.000000 242.000000 3.000000
307.000000 359.000000 3.000000
308.000000 43.000000 3.000000
308.000000 475.000000 3.000000
310.000000 66.000000 3.000000
311.000000 410.000000 3.000000
313.000000 163.000000 3.000000
313.000000 350.000000 3.000000
315.000000 85.000000 3.000000
315.000000 193.000000 3.000000
316.000000 26.000000 3.000000
316.000000 180.000000 3.000000
317.000000 6.000000 3.000000
317.000000 40.000000 3.000000
318.000000 331.000000 3.000000
319.000000 120.000000 3.000000
319.000000 171.000000 3.000000
319.000000 379.000000 3.000000
320.000000 72.000000 3.000000
321.000000 146.000000 3.000000
323.000000 222.000000 3.000000
323.000000 472.000000 3.000000
324.000000 257.000000 3.000000
324.000000 359.000000 3.000000
323.995477 106.748869 3.000000
325.000000 187.000000 3.000000
325.000000 205.000000 3.000000
326.000000 9.000000 3.000000
327.000000 53.000000 3.000000
327.000000 80.000000 3.000000
327.000000 311.000000 3.000000
328.000000 25.000000 3.000000
328.000000 347.000000 3.000000
329.000000 154.000000 3.000000
329.000000 246.000000 3.000000
329.000000 371.000000 3.000000
331.000000 39.000000 3.000000
329.242085 129.000000 3.000000
332.000000 336.000000 3.000000
333.000000 117.000000 3.000000
333.246608 192.246608 3.000000
334.000000 263.000000 3.000000
336.000000 233.000000 3.000000
336.000000 320.000000 3.000000
336.000000 348.000000 3.000000
337.000000 10.000000 3.000000
337.000000 21.000000 3.000000
337.000000 308.000000 3.000000
338.000000 300.000000 3.000000
340.000000 2.000000 3.000000
341.000000 184.000000 3.000000
341.000000 270.000000 3.000000
342.000000 216.000000 3.000000
343.000000 141.000000 3.000000
344.000000 89.000000 3.000000
344.000000 331.000000 3.000000
343.744347 150.493216 3.000000
345.497739 69.995477 3.000000
347.000000 8.000000 3.000000
347.000000 131.000000 3.000000
347.000000 228.000000 3.000000
348.000000 206.000000 3.000000
348.000000 240.000000 3.000000
348.000000 256.000000 3.000000
349.000000 114.000000 3.000000
349.000000 276.000000 3.000000
352.000000 161.000000 3.000000
354.000000 66.000000 3.000000
354.000000 219.000000 3.000000
354.000000 304.000000 3.000000
357.000000 259.000000 3.000000
358.000000 136.000000 3.000000
358.000000 288.000000 3.000000
360.000000 98.000000 3.000000
362.000000 112.000000 3.000000
362.000000 174.000000 3.000000
362.000000 223.000000 3.000000
365.000000 209.000000 3.000000
363.995477 255.502261 3.000000
366.000000 70.000000 3.000000
368.000000 166.000000 3.000000
368.000000 191.000000 3.000000
369.000000 16.000000 3.000000
369.003483 275.000000 3.000000
371.000000 38.000000 3.000000
371.000000 98.000000 3.000000
372.000000 53.000000 3.000000
373.000000 128.744347 3.000000
373.000000 237.000000 3.000000
374.000000 158.000000 3.000000
376.000000 5.000000 3.000000
377.000000 87.000000 3.000000
377.000000 290.000000 3.000000
378.000000 175.000000 3.000000
377.493216 208.009045 3.000000
380.000000 63.000000 3.000000
380.000000 241.000000 3.000000
381.000000 120.000000 3.000000
381.000000 140.000000 3.000000
386.000000 36.000000 3.000000
386.000000 223.000000 3.000000
387.000000 2.000000 3.000000
387.000000 50.000000 3.000000
388.000000 66.000000 3.000000
389.000000 203.000000 3.000000
389.000000 243.000000 3.000000
391.000000 10.000000 3.000000
391.000000 297.000000 3.000000
391.000000 430.000000 3.000000
392.000000 26.000000 3.000000
393.000000 159.000000 3.000000
393.000000 175.000000 3.000000
397.000000 189.000000 3.000000
396.744347 223.995477 3.000000
399.000000 21.000000 3.000000
400.000000 71.000000 3.000000
402.000000 8.000000 3.000000
402.000000 43.000000 3.000000
405.000000 56.000000 3.000000
405.000000 174.000000 3.000000
406.000000 198.000000 3.000000
410.000000 405.000000 3.000000
412.000000 38.000000 3.000000
412.000000 143.000000 3.000000
413.000000 7.000000 3.000000
414.000000 66.000000 3.000000
414.000000 157.000000 3.000000
416.000000 23.000000 3.000000
416.000000 241.493216 3.000000
415.493216 297.497739 3.000000
418.000000 186.000000 3.000000
421.000000 32.000000 3.000000
422.000000 2.000000 3.000000
426.000000 167.000000 3.000000
427.000000 157.000000 3.000000
428.000000 44.000000 3.000000
430.000000 332.000000 3.000000
431.000000 13.000000 3.000000
431.000000 25.000000 3.000000
434.000000 142.000000 3.000000
438.000000 2.000000 3.000000
439.000000 325.000000 3.000000
440.000000 314.000000 3.000000
442.000000 27.000000 3.000000
442.000000 361.000000 3.000000
444.000000 47.000000 3.000000
449.000000 38.000000 3.000000
451.000000 298.000000 3.000000
454.000000 352.000000 3.000000
460.000000 21.000000 3.000000
461.000000 9.000000 3.000000
461.000000 258.000000 3.000000
461.000000 291.000000 3.000000
465.000000 43.000000 3.000000
465.000000 309.000000 3.000000
463.739824 31.246608 3.000000
469.000000 249.000000 3.000000
469.000000 329.000000 3.000000
472.000000 21.000000 3.000000
474.000000 7.246608 3.000000
481.000000 24.000000 3.000000
481.000000 291.000000 3.000000
489.000000 225.000000 3.000000
489.990955 274.000000 3.000000
492.000000 300.000000 3.000000
493.995477 200.748869 3.000000
498.744347 183.242085 3.000000
2.000000 410.000000 4.000000
5.000000 435.000000 4.000000
19.780528 110.497739 4.000000
14.000000 462.000000 4.000000
19.996517 155.003483 4.000000
23.000000 419.000000 4.000000
27.000000 487.000000 4.000000
28.000000 433.000000 4.000000
32.000000 406.000000 4.000000
37.000000 452.000000 4.000000
55.000000 477.000000 4.000000
56.000000 460.000000 4.000000
63.000000 50.000000 4.000000
75.000000 395.000000 4.000000
77.000000 419.000000 4.000000
82.000000 375.000000 4.000000
87.000000 445.000000 4.000000
100.000000 337.000000 4.000000
100.000000 432.000000 4.000000
102.000000 371.000000 4.000000
108.000000 347.000000 4.000000
109.000000 358.000000 4.000000
115.000000 271.000000 4.000000
117.000000 341.000000 4.000000
132.000000 342.000000 4.000000
133.000000 328.000000 4.000000
140.000000 311.000000 4.000000
142.000000 193.000000 4.000000
151.000000 281.000000 4.000000
154.000000 49.000000 4.000000
154.000000 292.000000 4.000000
158.000000 64.000000 4.000000
162.000000 269.000000 4.000000
164.000000 285.000000 4.000000
165.000000 44.000000 4.000000
166.000000 16.000000 4.000000
166.000000 69.000000 4.000000
174.000000 290.000000 4.000000
177.000000 452.000000 4.000000
180.000000 19.000000 4.000000
202.000000 223.000000 4.000000
212.511307 382.484171 4.000000
211.000000 271.000000 4.000000
229.000000 388.000000 4.000000
241.000000 336.000000 4.000000
254.000000 391.000000 4.000000
255.000000 155.000000 4.000000
273.000000 168.000000 4.000000
289.506784 166.497739 4.000000
298.000000 352.000000 4.000000
300.000000 111.000000 4.000000
311.000000 293.000000 4.000000
343.000000 59.000000 4.000000
357.242085 12.739824 4.000000
360.000000 43.000000 4.000000
392.000000 97.000000 4.000000
398.497739 412.484171 4.000000
413.000000 101.000000 4.000000
437.721734 59.730779 4.000000
444.000000 95.000000 4.000000
458.000000 77.000000 4.000000
