1.497739 426.497739 2.000000
2.246608 142.744347 2.000000
3.000000 355.000000 2.000000
5.000000 333.000000 2.000000
6.000000 247.000000 2.000000
7.000000 220.000000 2.000000
5.493216 295.497739 2.000000
7.000000 442.000000 2.000000
8.000000 231.000000 2.000000
9.000000 320.000000 2.000000
9.000000 393.000000 2.000000
12.000000 381.000000 2.000000
13.000000 125.000000 2.000000
14.000000 87.000000 2.000000
14.000000 151.000000 2.000000
13.995477 334.744347 2.000000
15.000000 462.000000 2.000000
16.000000 192.000000 2.000000
19.000000 179.000000 2.000000
19.000000 361.000000 2.000000
21.000000 222.000000 2.000000
23.000000 351.000000 2.000000
24.000000 485.000000 2.000000
28.246608 368.735302 2.000000
30.000000 221.000000 2.000000
28.493216 299.995477 2.000000
31.000000 332.000000 2.000000
35.000000 7.000000 2.000000
37.000000 235.000000 2.000000
38.000000 254.000000 2.000000
39.000000 139.000000 2.000000
42.000000 336.000000 2.000000
45.000000 212.000000 2.000000
48.260176 23.242085 2.000000
49.000000 138.000000 2.000000
49.000000 229.000000 2.000000
51.000000 329.000000 2.000000
51.000000 488.000000 2.000000
52.000000 342.000000 2.000000
54.000000 477.000000 2.000000
55.000000 63.000000 2.000000
56.000000 499.000000 2.000000
58.000000 348.000000 2.000000
57.744347 162.493216 2.000000
58.748869 255.251131 2.000000
60.251131 279.502261 2.000000
62.000000 95.000000 2.000000
67.000000 481.000000 2.000000
68.000000 494.000000 2.000000
78.497739 76.242085 2.000000
82.255653 16.488693 2.000000
81.000000 406.000000 2.000000
83.000000 107.000000 2.000000
85.000000 387.000000 2.000000
87.762437 481.488693 2.000000
85.748869 234.748869 2.000000
87.000000 148.000000 2.000000
88.000000 87.000000 2.000000
88.000000 376.000000 2.000000
88.000000 495.000000 2.000000
91.000000 410.000000 2.000000
94.000000 42.000000 2.000000
96.000000 364.000000 2.000000
97.497739 101.000000 2.000000
97.748869 424.995477 2.000000
97.990955 223.251131 2.000000
97.986432 291.242085 2.000000
104.000000 353.000000 2.000000
105.000000 414.000000 2.000000
107.502261 382.484171 2.000000
109.000000 477.000000 2.000000
115.000000 213.000000 2.000000
115.000000 493.000000 2.000000
119.000000 117.000000 2.000000
119.246608 19.493216 2.000000
120.000000 478.000000 2.000000
121.000000 160.000000 2.000000
121.000000 291.000000 2.000000
124.000000 252.000000 2.000000
125.000000 50.000000 2.000000
126.000000 304.000000 2.000000
131.000000 191.000000 2.000000
132.000000 241.000000 2.000000
134.000000 472.000000 2.000000
135.000000 176.000000 2.000000
138.000000 490.000000 2.000000
140.000000 283.000000 2.000000
141.000000 477.000000 2.000000
142.000000 161.000000 2.000000
142.000000 292.000000 2.000000
144.502261 244.251131 2.000000
143.744347 3.246608 2.000000
147.251131 95.753392 2.000000
155.000000 172.000000 2.000000
156.000000 361.000000 2.000000
157.000000 33.000000 2.000000
158.000000 55.000000 2.000000
159.000000 159.000000 2.000000
161.000000 196.000000 2.000000
163.000000 243.000000 2.000000
164.246608 137.748869 2.000000
166.000000 365.000000 2.000000
169.246608 227.251131 2.000000
177.000000 239.000000 2.000000
179.000000 362.000000 2.000000
180.000000 37.000000 2.000000
183.000000 318.000000 2.000000
185.497739 109.990955 2.000000
186.000000 255.000000 2.000000
194.000000 118.000000 2.000000
196.000000 273.000000 2.000000
197.000000 371.000000 2.000000
198.000000 250.000000 2.000000
202.269221 351.233040 2.000000
199.000000 146.000000 2.000000
201.000000 177.000000 2.000000
201.000000 441.000000 2.000000
202.000000 93.000000 2.000000
203.000000 166.000000 2.000000
206.000000 105.000000 2.000000
206.000000 381.000000 2.000000
207.000000 209.000000 2.000000
210.000000 246.000000 2.000000
210.000000 317.000000 2.000000
214.000000 441.000000 2.000000
217.000000 190.000000 2.000000
221.000000 51.000000 2.000000
221.000000 146.000000 2.000000
221.000000 204.000000 2.000000
224.000000 233.000000 2.000000
225.000000 395.000000 2.000000
227.000000 178.000000 2.000000
228.000000 431.000000 2.000000
229.000000 165.000000 2.000000
233.000000 326.000000 2.000000
233.000000 375.000000 2.000000
235.000000 492.000000 2.000000
237.000000 141.000000 2.000000
237.000000 280.000000 2.000000
241.000000 92.000000 2.000000
241.000000 452.000000 2.000000
244.000000 21.000000 2.000000
248.000000 134.000000 2.000000
249.000000 260.000000 2.000000
251.753392 34.748869 2.000000
251.000000 451.000000 2.000000
251.748869 148.744347 2.000000
253.000000 69.000000 2.000000
254.000000 123.000000 2.000000
262.000000 139.000000 2.000000
262.000000 229.000000 2.000000
264.000000 125.000000 2.000000
267.000000 89.000000 2.000000
267.000000 459.000000 2.000000
268.000000 99.000000 2.000000
270.000000 27.000000 2.000000
270.497739 274.242085 2.000000
271.000000 442.000000 2.000000
272.497739 286.242085 2.000000
277.000000 305.000000 2.000000
283.000000 169.000000 2.000000
284.000000 36.000000 2.000000
284.000000 216.000000 2.000000
287.000000 154.000000 2.000000
290.251131 434.260176 2.000000
292.000000 18.000000 2.000000
296.748869 358.246608 2.000000
298.000000 104.000000 2.000000
298.000000 373.000000 2.000000
300.000000 184.000000 2.000000
302.242085 238.739824 2.000000
306.000000 168.000000 2.000000
307.000000 40.000000 2.000000
308.000000 65.000000 2.000000
309.000000 462.000000 2.000000
311.000000 156.000000 2.000000
312.000000 382.000000 2.000000
313.000000 105.000000 2.000000
313.000000 269.000000 2.000000
315.000000 130.000000 2.000000
317.000000 284.000000 2.000000
318.000000 480.000000 2.000000
319.000000 240.000000 2.000000
320.000000 224.000000 2.000000
324.000000 93.000000 2.000000
324.000000 325.000000 2.000000
324.000000 386.000000 2.000000
326.000000 2.000000 2.000000
338.000000 34.000000 2.000000
340.000000 7.000000 2.000000
341.000000 103.493216 2.000000
341.000000 350.000000 2.000000
342.251131 413.242085 2.000000
345.000000 193.000000 2.000000
347.000000 21.000000 2.000000
347.000000 309.000000 2.000000
348.000000 382.000000 2.000000
358.000000 143.000000 2.000000
359.000000 455.000000 2.000000
361.000000 191.000000 2.000000
369.000000 136.000000 2.000000
367.242085 359.246608 2.000000
368.246608 447.497739 2.000000
371.000000 147.000000 2.000000
378.506784 175.757915 2.000000
377.246608 280.744347 2.000000
379.246608 353.748869 2.000000
381.000000 26.000000 2.000000
382.000000 92.000000 2.000000
382.000000 404.000000 2.000000
386.000000 147.000000 2.000000
386.000000 477.000000 2.000000
389.000000 387.000000 2.000000
392.000000 171.000000 2.000000
395.000000 122.000000 2.000000
395.000000 402.000000 2.000000
398.000000 319.000000 2.000000
400.000000 55.000000 2.000000
403.000000 138.000000 2.000000
403.000000 163.000000 2.000000
404.000000 226.000000 2.000000
409.000000 106.000000 2.000000
409.000000 189.000000 2.000000
411.000000 10.000000 2.000000
414.000000 247.000000 2.000000
416.502261 407.748869 2.000000
414.739824 279.735302 2.000000
420.000000 262.000000 2.000000
421.000000 113.000000 2.000000
424.000000 240.000000 2.000000
428.000000 227.000000 2.000000
429.246608 451.739824 2.000000
432.000000 147.000000 2.000000
436.000000 242.000000 2.000000
441.000000 39.000000 2.000000
443.000000 105.000000 2.000000
446.000000 181.000000 2.000000
447.000000 433.000000 2.000000
449.000000 168.000000 2.000000
451.000000 208.000000 2.000000
451.000000 295.000000 2.000000
453.000000 354.000000 2.000000
456.000000 47.000000 2.000000
456.000000 135.000000 2.000000
457.000000 174.990955 2.000000
457.000000 421.000000 2.000000
459.000000 156.000000 2.000000
461.000000 242.000000 2.000000
461.000000 277.000000 2.000000
462.000000 117.000000 2.000000
467.000000 44.000000 2.000000
470.753392 203.497739 2.000000
470.000000 322.000000 2.000000
471.000000 391.000000 2.000000
471.246608 222.497739 2.000000
473.000000 441.000000 2.000000
474.000000 158.000000 2.000000
475.000000 337.000000 2.000000
477.000000 360.000000 2.000000
478.000000 26.000000 2.000000
478.000000 315.000000 2.000000
477.995477 51.748869 2.000000
484.000000 393.000000 2.000000
486.000000 126.000000 2.000000
486.497739 165.986432 2.000000
488.004523 179.744347 2.000000
487.000000 245.000000 2.000000
491.000000 203.000000 2.000000
494.000000 139.000000 2.000000
496.000000 445.000000 2.000000
494.986432 385.986432 2.000000
496.488693 109.246608 2.000000
496.237563 125.995477 2.000000
499.000000 263.000000 2.000000
3.000000 278.000000 3.000000
8.000000 35.000000 3.000000
8.000000 64.000000 3.000000
11.000000 255.000000 3.000000
12.000000 75.000000 3.000000
12.000000 306.000000 3.000000
13.748869 278.246608 3.000000
17.000000 287.000000 3.000000
18.000000 14.000000 3.000000
18.000000 98.000000 3.000000
20.000000 58.000000 3.000000
20.000000 268.000000 3.000000
20.990955 233.995477 3.000000
22.493216 34.497739 3.000000
24.000000 440.000000 3.000000
26.000000 279.000000 3.000000
29.000000 455.000000 3.000000
31.000000 51.000000 3.000000
31.000000 130.000000 3.000000
30.497739 357.497739 3.000000
32.000000 195.000000 3.000000
32.000000 247.000000 3.000000
33.000000 421.000000 3.000000
34.000000 24.000000 3.000000
36.000000 348.000000 3.000000
35.735302 84.237563 3.000000
39.000000 110.000000 3.000000
39.000000 288.000000 3.000000
39.000000 404.000000 3.000000
40.000000 432.000000 3.000000
41.000000 96.000000 3.000000
41.000000 484.000000 3.000000
42.246608 160.995477 3.000000
45.000000 377.000000 3.000000
44.995477 299.739824 3.000000
46.000000 414.000000 3.000000
49.995477 238.493216 3.000000
52.000000 445.000000 3.000000
54.000000 363.000000 3.000000
54.497739 271.748869 3.000000
55.000000 454.000000 3.000000
56.000000 432.000000 3.000000
59.000000 109.000000 3.000000
61.000000 219.000000 3.000000
61.000000 295.000000 3.000000
61.000000 408.000000 3.000000
62.000000 205.000000 3.000000
65.000000 9.000000 3.000000
63.242085 19.000000 3.000000
66.000000 151.000000 3.000000
67.000000 29.000000 3.000000
68.000000 183.000000 3.000000
68.000000 375.000000 3.000000
69.000000 76.000000 3.000000
69.000000 165.000000 3.000000
69.497739 68.004523 3.000000
70.000000 300.000000 3.000000
72.000000 420.000000 3.000000
73.000000 264.000000 3.000000
74.000000 216.000000 3.000000
75.000000 97.000000 3.000000
75.000000 432.000000 3.000000
75.497739 252.000000 3.000000
77.000000 313.000000 3.000000
78.502261 61.990955 3.000000
79.000000 377.000000 3.000000
80.000000 4.000000 3.000000
83.000000 347.000000 3.000000
81.990955 203.246608 3.000000
85.000000 287.000000 3.000000
86.000000 251.000000 3.000000
86.000000 268.000000 3.000000
86.000000 362.000000 3.000000
87.000000 125.000000 3.000000
90.000000 259.000000 3.000000
93.000000 310.000000 3.000000
96.000000 21.000000 3.000000
98.000000 203.000000 3.000000
98.000000 342.000000 3.000000
98.000000 392.000000 3.000000
97.744347 246.493216 3.000000
100.000000 79.000000 3.000000
100.000000 262.000000 3.000000
104.000000 15.000000 3.000000
108.000000 336.000000 3.000000
109.000000 33.000000 3.000000
110.000000 85.000000 3.000000
110.000000 255.000000 3.000000
110.000000 275.000000 3.000000
111.000000 399.000000 3.000000
114.000000 414.000000 3.000000
116.000000 74.000000 3.000000
118.000000 330.000000 3.000000
119.000000 230.000000 3.000000
121.000000 383.000000 3.000000
122.000000 398.000000 3.000000
122.246608 264.497739 3.000000
127.000000 409.000000 3.000000
128.000000 69.000000 3.000000
130.000000 346.000000 3.000000
132.000000 330.000000 3.000000
133.000000 3.000000 3.000000
132.748869 385.744347 3.000000
134.000000 150.000000 3.000000
134.000000 214.000000 3.000000
138.000000 227.000000 3.000000
141.000000 266.000000 3.000000
142.000000 358.000000 3.000000
145.000000 339.000000 3.000000
147.000000 143.000000 3.000000
147.000000 463.000000 3.000000
148.000000 67.000000 3.000000
146.995477 210.493216 3.000000
148.000000 399.000000 3.000000
149.000000 79.000000 3.000000
151.000000 346.000000 3.000000
154.000000 262.000000 3.000000
152.493216 277.497739 3.000000
156.000000 131.000000 3.000000
157.000000 286.000000 3.000000
157.000000 455.000000 3.000000
158.000000 481.000000 3.000000
160.506784 216.000000 3.000000
159.000000 421.000000 3.000000
160.000000 5.000000 3.000000
160.000000 85.000000 3.000000
160.000000 431.000000 3.000000
161.000000 336.000000 3.000000
160.497739 406.493216 3.000000
163.000000 376.000000 3.000000
166.000000 121.000000 3.000000
167.748869 496.990955 3.000000
169.000000 262.000000 3.000000
169.000000 276.000000 3.000000
170.000000 346.000000 3.000000
170.000000 423.000000 3.000000
171.000000 478.000000 3.000000
174.000000 383.000000 3.000000
174.488693 141.744347 3.000000
177.000000 336.000000 3.000000
178.000000 131.000000 3.000000
179.000000 376.000000 3.000000
180.000000 396.000000 3.000000
184.000000 463.000000 3.000000
186.000000 203.000000 3.000000
186.000000 472.000000 3.000000
187.000000 340.000000 3.000000
185.488693 275.748869 3.000000
188.000000 331.000000 3.000000
189.000000 384.000000 3.000000
186.990955 429.995477 3.000000
189.000000 489.000000 3.000000
190.000000 415.000000 3.000000
189.493216 361.748869 3.000000
194.000000 407.000000 3.000000
196.000000 475.000000 3.000000
198.000000 19.000000 3.000000
200.000000 499.000000 3.000000
201.000000 29.000000 3.000000
201.000000 326.000000 3.000000
202.000000 285.000000 3.000000
203.000000 460.000000 3.000000
204.000000 395.000000 3.000000
207.000000 410.000000 3.000000
207.000000 430.000000 3.000000
209.000000 422.000000 3.000000
213.000000 29.000000 3.000000
214.000000 16.000000 3.000000
213.246608 57.990955 3.000000
214.000000 360.000000 3.000000
214.000000 461.000000 3.000000
216.000000 116.000000 3.000000
216.000000 476.000000 3.000000
216.000000 492.000000 3.000000
220.000000 96.000000 3.000000
222.000000 364.000000 3.000000
223.000000 35.000000 3.000000
227.000000 16.000000 3.000000
227.000000 354.000000 3.000000
228.000000 258.000000 3.000000
228.000000 472.000000 3.000000
230.000000 60.000000 3.000000
233.000000 39.000000 3.000000
234.000000 69.000000 3.000000
235.739824 47.493216 3.000000
238.000000 261.000000 3.000000
239.000000 359.000000 3.000000
239.000000 479.000000 3.000000
241.000000 225.000000 3.000000
241.000000 345.000000 3.000000
242.000000 250.000000 3.000000
242.000000 400.000000 3.000000
242.000000 424.000000 3.000000
244.000000 160.000000 3.000000
244.000000 499.000000 3.000000
246.000000 413.000000 3.000000
247.000000 10.000000 3.000000
248.000000 378.000000 3.000000
249.000000 102.000000 3.000000
249.000000 287.000000 3.000000
250.000000 239.000000 3.000000
250.000000 387.000000 3.000000
251.000000 403.000000 3.000000
252.000000 223.000000 3.000000
252.000000 333.000000 3.000000
253.000000 308.000000 3.000000
255.000000 88.000000 3.000000
255.000000 344.000000 3.000000
256.242085 289.744347 3.000000
258.000000 374.000000 3.000000
263.000000 205.000000 3.000000
263.000000 403.000000 3.000000
263.000000 431.000000 3.000000
264.000000 325.000000 3.000000
265.000000 251.000000 3.000000
266.000000 161.000000 3.000000
265.246608 410.995477 3.000000
268.000000 337.000000 3.000000
271.000000 360.000000 3.000000
273.000000 348.000000 3.000000
273.000000 420.000000 3.000000
274.000000 203.000000 3.000000
276.000000 246.000000 3.000000
277.000000 154.000000 3.000000
278.000000 144.000000 3.000000
278.000000 230.000000 3.000000
279.000000 119.000000 3.000000
282.744347 350.744347 3.000000
287.748869 239.000000 3.000000
288.000000 272.000000 3.000000
290.000000 201.000000 3.000000
291.251131 386.748869 3.000000
292.000000 89.000000 3.000000
292.000000 454.000000 3.000000
295.000000 324.000000 3.000000
296.000000 287.000000 3.000000
298.497739 23.493216 3.000000
299.000000 214.000000 3.000000
299.000000 395.000000 3.000000
300.000000 341.000000 3.000000
302.000000 404.000000 3.000000
302.000000 433.502261 3.000000
304.000000 135.000000 3.000000
305.000000 298.000000 3.000000
306.000000 206.000000 3.000000
308.000000 221.000000 3.000000
309.000000 196.000000 3.000000
309.000000 311.000000 3.000000
309.493216 420.502261 3.000000
310.493216 351.246608 3.000000
311.748869 444.995477 3.000000
316.000000 32.000000 3.000000
317.000000 395.000000 3.000000
318.000000 207.000000 3.000000
318.000000 302.000000 3.000000
321.000000 39.000000 3.000000
324.000000 196.000000 3.000000
327.000000 132.000000 3.000000
331.000000 212.000000 3.000000
330.246608 259.246608 3.000000
330.242085 57.246608 3.000000
332.000000 341.000000 3.000000
332.493216 190.995477 3.000000
333.246608 431.744347 3.000000
334.000000 458.000000 3.000000
333.493216 244.995477 3.000000
337.995477 91.493216 3.000000
339.000000 123.000000 3.000000
340.000000 324.000000 3.000000
342.000000 473.000000 3.000000
345.000000 262.000000 3.000000
345.000000 277.000000 3.000000
347.000000 63.000000 3.000000
353.502261 226.739824 3.000000
353.000000 484.000000 3.000000
355.000000 87.000000 3.000000
359.000000 117.000000 3.000000
360.744347 33.995477 3.000000
362.497739 414.246608 3.000000
364.000000 300.000000 3.000000
364.995477 279.748869 3.000000
366.000000 426.000000 3.000000
367.493216 168.246608 3.000000
367.990955 469.493216 3.000000
371.000000 223.000000 3.000000
373.000000 9.000000 3.000000
377.000000 485.000000 3.000000
382.000000 111.000000 3.000000
385.000000 447.000000 3.000000
389.000000 240.000000 3.000000
389.000000 286.000000 3.000000
392.000000 298.000000 3.000000
393.000000 359.000000 3.000000
394.000000 190.000000 3.000000
395.000000 4.000000 3.000000
397.000000 275.000000 3.000000
396.995477 467.744347 3.000000
402.000000 447.000000 3.000000
403.000000 432.000000 3.000000
404.000000 302.000000 3.000000
402.493216 344.995477 3.000000
405.000000 382.000000 3.000000
406.000000 289.000000 3.000000
406.000000 365.000000 3.000000
412.246608 454.744347 3.000000
415.000000 442.000000 3.000000
416.000000 368.000000 3.000000
420.000000 215.000000 3.000000
421.000000 424.000000 3.000000
422.000000 354.000000 3.000000
424.000000 38.000000 3.000000
424.000000 163.000000 3.000000
423.748869 183.493216 3.000000
428.757915 334.497739 3.000000
427.748869 496.990955 3.000000
433.000000 378.000000 3.000000
432.493216 168.493216 3.000000
432.995477 342.995477 3.000000
436.000000 53.000000 3.000000
437.000000 289.995477 3.000000
437.000000 389.000000 3.000000
435.493216 436.000000 3.000000
439.000000 158.000000 3.000000
440.000000 315.000000 3.000000
440.000000 405.000000 3.000000
443.748869 416.497739 3.000000
447.000000 222.000000 3.000000
454.246608 69.497739 3.000000
457.000000 219.000000 3.000000
459.000000 185.748869 3.000000
469.000000 494.000000 3.000000
471.000000 376.000000 3.000000
477.000000 176.000000 3.000000
483.260176 475.246608 3.000000
482.000000 487.000000 3.000000
481.995477 115.744347 3.000000
494.260176 14.493216 3.000000
23.000000 420.000000 4.000000
67.000000 135.000000 4.000000
72.000000 453.000000 4.000000
111.000000 445.000000 4.000000
135.000000 446.000000 4.000000
195.000000 229.000000 4.000000
255.000000 358.000000 4.000000
268.000000 388.000000 4.000000
310.748869 334.748869 4.000000
355.000000 499.000000 4.000000
369.000000 497.000000 4.000000
372.000000 320.000000 4.000000
378.000000 499.000000 4.000000
386.000000 229.000000 4.000000
388.000000 434.000000 4.000000
402.000000 247.000000 4.000000
417.000000 386.000000 4.000000
499.000000 328.000000 4.000000
