104.967509 64.805054 1.000000
96.393502 69.768953 1.000000
118.505415 70.220217 1.000000
115.346570 40.436823 1.000000
113.090253 48.559567 1.000000
118.505415 31.411552 1.000000
81.953069 35.472924 1.000000
63.451264 54.877256 1.000000
53.523466 71.122744 1.000000
71.122744 79.245487 1.000000
88.270758 76.537906 1.000000
75.635379 97.296029 1.000000
71.574007 118.956679 1.000000
59.841155 109.931408 1.000000
96.844765 125.274368 1.000000
128.884477 119.407942 1.000000
139.714801 120.761733 1.000000
139.714801 137.007220 1.000000
160.472924 118.956679 1.000000
156.411552 102.259928 1.000000
149.191336 87.368231 1.000000
137.458484 86.014440 1.000000
140.166065 72.927798 1.000000
347.747292 52.169675 1.000000
336.465704 48.108303 1.000000
336.916968 65.256318 1.000000
347.747292 63.451264 1.000000
362.638989 61.646209 1.000000
384.299639 24.191336 1.000000
367.602888 22.386282 1.000000
339.624549 36.375451 1.000000
317.963899 49.010830 1.000000
311.194946 36.375451 1.000000
311.194946 56.231047 1.000000
301.718412 63.451264 1.000000
308.487365 78.794224 1.000000
326.989170 73.379061 1.000000
332.855596 98.649819 1.000000
324.732852 87.819495 1.000000
313.451264 98.649819 1.000000
303.072202 100.906137 1.000000
308.036101 89.624549 1.000000
301.718412 84.660650 1.000000
289.985560 84.209386 1.000000
299.913357 78.342960 1.000000
288.180505 70.671480 1.000000
292.241877 105.870036 1.000000
289.083032 97.296029 1.000000
276.898917 95.039711 1.000000
280.057762 106.321300 1.000000
284.119134 123.018051 1.000000
330.148014 121.664260 1.000000
327.440433 137.007220 1.000000
339.624549 141.068592 1.000000
330.148014 164.534296 1.000000
317.963899 150.996390 1.000000
308.487365 146.032491 1.000000
300.364621 160.021661 1.000000
287.729242 144.678700 1.000000
274.191336 141.519856 1.000000
265.166065 130.689531 1.000000
260.653430 143.776173 1.000000
257.043321 152.350181 1.000000
238.992780 149.642599 1.000000
242.151625 137.909747 1.000000
255.238267 100.906137 1.000000
258.848375 85.111913 1.000000
260.653430 77.440433 1.000000
270.129964 84.209386 1.000000
234.485684 496.605805 1.000000
249.377381 489.385588 1.000000
221.850305 499.313386 1.000000
185.297959 454.638296 1.000000
171.760052 435.233964 1.000000
180.334060 429.367538 1.000000
163.637309 443.807971 1.000000
141.976659 454.638296 1.000000
149.648139 448.320606 1.000000
272.837545 363.090253 1.000000
283.216606 356.321300 1.000000
288.631769 345.039711 1.000000
293.144404 368.505415 1.000000
304.877256 382.494585 1.000000
280.509025 383.397112 1.000000
285.021661 392.422383 1.000000
281.653577 405.234214 1.000000
276.447653 396.032491 1.000000
264.263538 379.787004 1.000000
262.007220 363.541516 1.000000
250.725632 381.592058 1.000000
215.527076 372.566787 1.000000
227.001509 319.939146 3.000000
229.225040 330.461872 3.000000
253.658845 260.879061 4.000000
138.449237 41.548589 4.000000
123.953364 94.742247 4.000000
245.536101 121.889892 4.000000
154.380866 222.070397 4.000000
130.012635 219.362816 4.000000
114.669675 198.604693 4.000000
101.131769 194.994585 4.000000
88.496390 194.092058 4.000000
75.861011 202.214801 4.000000
67.738267 207.629964 4.000000
55.102888 198.604693 4.000000
81.011496 179.981876 4.000000
105.644404 242.828520 4.000000
130.915162 252.756318 4.000000
180.554152 245.536101 4.000000
191.384477 251.853791 4.000000
207.629964 261.781588 4.000000
229.290614 244.633574 4.000000
221.167870 290.662455 4.000000
19.579886 317.190442 0.000000
23.859486 330.029244 0.000000
11.020685 326.462910 0.000000
9.950785 338.588445 0.000000
4.601284 343.581312 0.000000
33.488588 310.057775 0.000000
49.180456 302.568474 0.000000
57.026391 314.694009 0.000000
57.026391 338.231812 0.000000
77.354494 336.805278 0.000000
99.109130 344.651213 0.000000
98.752496 322.896576 0.000000
95.186163 302.925107 0.000000
96.256063 364.979315 0.000000
72.004993 371.042083 0.000000
105.171897 374.251783 0.000000
109.808131 355.706847 0.000000
83.773894 404.565621 0.000000
126.926534 389.943652 0.000000
125.856633 429.886591 0.000000
130.492867 415.977889 0.000000
146.898003 399.929387 0.000000
145.828103 427.746790 0.000000
83.417261 489.646426 0.000000
94.472896 447.920320 0.000000
110.878031 474.311190 0.000000
35.628388 484.296925 0.000000
350.357347 449.323110 0.000000
366.049215 459.308845 0.000000
329.315977 460.378745 0.000000
309.701141 455.385877 0.000000
294.009272 454.315977 0.000000
282.240371 469.651213 0.000000
279.387304 479.993581 0.000000
284.736805 461.448645 0.000000
307.561341 478.210414 0.000000
312.554208 493.189016 0.000000
391.370185 389.765335 0.000000
364.266049 385.129101 0.000000
353.210414 374.073466 0.000000
353.923680 324.858060 0.000000
381.741084 331.634094 0.000000
400.642653 298.110556 0.000000
336.448645 329.494294 0.000000
345.007846 347.682596 0.000000
358.203281 343.046362 0.000000
350.000713 359.451498 0.000000
365.335949 366.940799 0.000000
353.923680 393.331669 0.000000
353.567047 384.415835 0.000000
368.189016 412.946505 0.000000
351.783880 417.939372 0.000000
382.454351 437.197575 0.000000
336.448645 430.778174 0.000000
386.020685 455.742511 0.000000
420.970756 456.455777 0.000000
423.467190 488.552782 0.000000
433.452924 467.511412 0.000000
468.224679 492.119116 0.000000
457.525678 489.622682 0.000000
342.333096 312.411507 0.000000
347.325963 298.859439 0.000000
356.955064 300.642606 0.000000
357.311698 279.957870 0.000000
373.716833 266.049168 0.000000
360.878031 258.559867 0.000000
369.437233 249.287399 0.000000
354.101997 237.518497 0.000000
359.451498 230.742463 0.000000
357.311698 224.323062 0.000000
358.738231 215.763861 0.000000
374.786733 178.317356 0.000000
358.024964 196.862292 0.000000
366.227532 159.059154 0.000000
359.094864 181.170423 0.000000
381.919401 151.890870 0.000000
378.353067 143.688302 0.000000
412.589872 123.716833 0.000000
393.331669 146.184736 0.000000
391.191869 123.716833 0.000000
400.464337 113.374465 0.000000
405.813837 96.256063 0.000000
417.226106 79.850927 0.000000
428.638374 73.788160 0.000000
440.050642 75.571327 0.000000
437.554208 63.089158 0.000000
461.092011 61.662625 0.000000
446.470043 47.040656 0.000000
454.672611 43.474322 0.000000
478.210414 37.054922 0.000000
480.706847 23.859486 0.000000
288.838088 57.715914 0.000000
300.606990 53.792947 0.000000
296.327389 41.667412 0.000000
282.418688 38.814345 0.000000
329.494294 17.416342 0.000000
332.347361 25.262276 0.000000
342.333096 22.409209 0.000000
351.962197 18.486242 0.000000
444.330243 427.874295 0.000000
448.253210 418.958461 0.000000
462.161912 431.083995 0.000000
470.007846 417.175294 0.000000
456.455777 401.126791 0.000000
471.434379 405.049759 0.000000
467.154779 388.287990 0.000000
483.559914 377.945622 0.000000
462.518545 376.162455 0.000000
475.357347 365.463453 0.000000
436.484308 360.470586 0.000000
438.980742 346.205251 0.000000
453.246077 339.072583 0.000000
473.217546 337.289416 0.000000
470.364479 350.128218 0.000000
450.036377 324.450615 0.000000
451.819544 310.898546 0.000000
482.490014 316.604680 0.000000
488.909415 302.339345 0.000000
457.525678 302.339345 0.000000
462.875178 286.290843 0.000000
489.979315 286.290843 0.000000
470.721113 269.529074 0.000000
473.217546 258.473439 0.000000
487.482882 256.690272 0.000000
476.427247 242.068304 0.000000
493.189016 229.837346 0.000000
478.923680 224.844478 0.000000
65.903005 219.762295 0.000000
9.550546 248.109290 0.000000
3.061475 279.871585 0.000000
5.793716 144.284153 0.000000
200.124317 279.188525 0.000000
166.654372 230.008197 0.000000
187.146175 287.043716 0.000000
207.637978 291.825137 0.000000
286.872951 427.071038 0.000000
191.244536 438.341530 0.000000
196.367486 431.169399 0.000000
197.050546 452.344262 0.000000
192.952186 391.210383 0.000000
