144.227437 10.733506 1.000000
161.509844 37.711915 0.000000
183.328313 49.920689 0.000000
204.706115 63.065123 1.000000
227.269292 71.187867 1.000000
250.283732 77.956820 1.000000
258.857739 89.689672 1.000000
276.005754 99.617469 1.000000
268.334274 88.787145 1.000000
210.121277 12.072343 1.000000
241.258461 22.000141 1.000000
231.330663 37.343101 1.000000
248.929941 45.014581 1.000000
262.919111 43.209527 1.000000
286.384815 54.942379 1.000000
297.215140 37.343101 1.000000
306.240411 57.649960 1.000000
319.327053 45.014581 1.000000
407.094625 1.715259 1.000000
398.971881 23.375909 1.000000
385.433975 36.913815 1.000000
353.845527 47.744140 1.000000
336.697513 58.574465 1.000000
313.233182 104.401763 1.000000
333.088777 112.524506 1.000000
343.016575 121.549777 1.000000
350.236792 136.892737 1.000000
363.774698 146.820535 1.000000
356.554481 162.163495 1.000000
336.698886 167.578658 1.000000
473.883001 143.210427 1.000000
457.637514 133.282629 1.000000
438.684445 121.549777 1.000000
413.413687 120.647250 1.000000
392.655564 114.329560 1.000000
430.561702 101.694181 1.000000
411.608633 89.961329 1.000000
402.583362 68.300680 1.000000
446.807189 48.445084 1.000000
463.052676 38.517286 1.000000
492.836070 41.224867 1.000000
492.836070 128.769994 1.000000
255.463899 242.828520 1.000000
273.514440 228.388087 1.000000
291.058279 223.456974 1.000000
290.662455 239.218412 1.000000
265.391697 260.879061 1.000000
216.655235 269.001805 1.000000
198.604693 273.514440 1.000000
185.066787 284.344765 1.000000
182.359206 302.395307 1.000000
149.868231 316.835740 1.000000
123.694946 326.763538 1.000000
108.351986 341.203971 1.000000
87.593863 333.081227 1.000000
88.496390 356.546931 1.000000
64.128159 370.084838 1.000000
49.687726 375.500000 1.000000
18.099278 361.059567 1.000000
19.904332 381.817690 1.000000
22.611913 407.990975 1.000000
14.489170 418.821300 1.000000
65.030686 270.806859 1.000000
29.832130 245.536101 1.000000
21.709386 258.171480 1.000000
112.864621 241.023466 1.000000
111.059567 262.684116 1.000000
167.918773 222.070397 1.000000
152.575812 206.727437 1.000000
116.474729 199.507220 1.000000
97.521661 187.774368 1.000000
72.250903 194.994585 1.000000
82.178700 176.944043 1.000000
71.348375 166.113718 1.000000
56.005415 177.846570 1.000000
39.759928 176.041516 1.000000
38.857401 140.842960 1.000000
19.001805 150.770758 1.000000
23.514440 130.012635 1.000000
9.074007 130.012635 1.000000
58.712996 488.315884 1.000000
59.615523 469.362816 1.000000
75.861011 460.337545 1.000000
78.568592 437.774368 1.000000
98.424188 432.359206 1.000000
105.644404 414.308664 1.000000
120.084838 413.406137 1.000000
130.915162 401.673285 1.000000
132.720217 386.330325 1.000000
143.550542 376.402527 1.000000
165.211191 382.720217 1.000000
166.113718 365.572202 1.000000
178.749097 367.377256 1.000000
190.481949 360.157040 1.000000
206.727437 352.936823 1.000000
198.604693 340.301444 1.000000
208.532491 333.081227 1.000000
227.485560 331.276173 1.000000
222.972924 352.034296 1.000000
244.633574 333.983755 1.000000
258.171480 335.788809 1.000000
269.001805 359.254513 1.000000
279.832130 342.106498 1.000000
284.344765 361.059567 1.000000
274.416968 324.958484 1.000000
309.615523 332.178700 1.000000
331.276173 336.691336 1.000000
350.229242 363.767148 1.000000
357.449458 388.135379 1.000000
336.691336 413.406137 1.000000
360.157040 423.333935 1.000000
349.326715 442.287004 1.000000
369.182310 456.727437 1.000000
390.842960 466.655235 1.000000
403.478339 471.167870 1.000000
418.821300 480.193141 1.000000
462.142599 488.315884 1.000000
448.604693 494.633574 1.000000
298.807358 284.344765 1.000000
334.908441 266.294224 1.000000
372.814578 241.023466 1.000000
358.374145 228.388087 1.000000
338.518549 221.167870 1.000000
322.273062 224.777978 1.000000
308.735156 233.803249 1.000000
380.937322 213.947653 1.000000
409.818188 231.998195 1.000000
413.428297 207.629964 1.000000
434.186419 203.117329 1.000000
451.651305 214.680032 0.000000
451.334434 236.510830 1.000000
481.117827 221.167870 1.000000
483.825409 204.019856 1.000000
343.911552 323.153430 1.000000
325.861011 310.518051 1.000000
342.106498 304.200361 1.000000
363.767148 287.052347 1.000000
377.305054 288.857401 1.000000
373.694946 304.200361 1.000000
388.135379 310.518051 1.000000
404.380866 292.467509 1.000000
388.135379 280.734657 1.000000
395.355596 268.099278 1.000000
420.626354 274.416968 1.000000
431.456679 273.514440 1.000000
444.994585 277.124549 1.000000
458.532491 278.929603 1.000000
473.875451 277.124549 1.000000
496.438628 287.954874 1.000000
482.900722 464.850181 1.000000
496.438628 448.604693 1.000000
275.103227 79.761874 2.000000
286.836079 83.371982 2.000000
305.612695 80.422376 2.000000
440.469231 178.408983 2.000000
465.760257 186.531727 2.000000
451.319824 161.260968 2.000000
389.045456 53.860246 2.000000
417.023795 40.322340 2.000000
452.222351 17.759163 2.000000
398.070727 180.214037 3.000000
135.427798 210.337545 4.000000
47.882671 407.088448 4.000000
467.200820 211.565574 0.000000
296.435792 200.295082 0.000000
78.881148 255.964481 0.000000
154.700820 241.278689 0.000000
138.990437 263.136612 0.000000
235.984973 273.382514 0.000000
104.154372 225.909836 0.000000
90.493169 204.393443 0.000000
393.088798 86.224044 0.000000
