194.994585 194.994585 1.000000
249.146209 199.507220 1.000000
397.160650 69.543321 1.000000
374.597473 92.106498 1.000000
158.893502 62.323105 1.000000
134.195020 35.181719 1.000000
93.911552 103.839350 1.000000
82.178700 78.568592 1.000000
73.153430 99.326715 1.000000
72.250903 65.933213 1.000000
61.420578 57.810469 1.000000
63.225632 81.276173 1.000000
50.590253 66.835740 1.000000
41.564982 67.738267 1.000000
48.785199 34.344765 1.000000
37.052347 39.759928 1.000000
46.077617 52.395307 1.000000
43.370036 20.806859 1.000000
70.445848 25.319495 1.000000
68.640794 40.662455 1.000000
88.496390 37.954874 1.000000
95.716606 57.810469 1.000000
102.936823 64.128159 1.000000
99.326715 90.301444 1.000000
116.474729 97.521661 1.000000
120.084838 83.081227 1.000000
139.940433 101.131769 1.000000
152.575812 89.398917 1.000000
123.694946 115.572202 1.000000
174.236462 97.521661 1.000000
176.944043 79.471119 1.000000
188.676895 74.055957 1.000000
195.897112 58.712996 1.000000
187.774368 39.759928 1.000000
176.944043 40.662455 1.000000
176.944043 25.319495 1.000000
187.532411 230.244119 1.000000
178.055877 214.901159 1.000000
168.579342 227.085274 1.000000
155.041436 233.854227 1.000000
160.456599 249.648451 1.000000
167.225552 258.673722 1.000000
178.055877 281.236899 1.000000
127.965624 272.211628 1.000000
116.232772 283.493216 1.000000
133.832050 298.384913 1.000000
149.626274 302.446285 1.000000
149.626274 316.435455 1.000000
137.442158 316.886718 1.000000
136.990895 334.937260 1.000000
115.781509 321.399354 1.000000
123.001725 339.449895 1.000000
156.395227 349.828956 1.000000
271.483755 253.433213 1.000000
264.263538 280.057762 1.000000
292.241877 275.545126 1.000000
293.595668 292.693141 1.000000
297.205776 327.440433 1.000000
284.119134 314.353791 1.000000
332.404332 311.194946 1.000000
323.379061 276.898917 1.000000
21.483755 232.223827 2.000000
42.241877 220.942238 2.000000
21.483755 186.646209 2.000000
48.559567 188.000000 2.000000
62.548736 197.025271 2.000000
21.483755 320.671480 2.000000
14.714801 337.368231 2.000000
365.418403 219.869519 2.000000
434.164260 400.770758 2.000000
458.928315 384.237940 2.000000
461.240072 398.063177 2.000000
485.608303 392.648014 2.000000
402.575812 369.182310 2.000000
402.575812 336.691336 2.000000
390.842960 312.323105 2.000000
414.308664 308.712996 2.000000
394.937119 266.800927 2.000000
369.931038 253.086569 2.000000
5.689531 271.935018 3.000000
119.407942 168.595668 3.000000
110.833935 155.960289 3.000000
140.617329 414.985560 3.000000
181.456679 134.525271 3.000000
310.364251 177.097843 3.000000
324.693806 184.648310 3.000000
355.379727 196.292936 3.000000
392.736240 191.802953 3.000000
428.484420 382.896668 3.000000
156.185921 16.294224 3.000000
114.444043 133.397112 4.000000
205.010609 124.509247 4.000000
246.438628 109.254513 4.000000
262.684116 130.915162 4.000000
247.207624 135.427798 4.000000
205.472006 307.810469 4.000000
343.009025 4.561372 4.000000
367.531056 4.473146 4.000000
100.003610 172.205776 4.000000
272.105211 236.092353 4.000000
167.500296 190.746627 4.000000
236.576404 333.235027 4.000000
264.765335 61.662625 0.000000
256.919401 49.893723 0.000000
274.037803 83.417261 0.000000
295.435806 89.836662 0.000000
322.539943 115.870899 0.000000
311.484308 104.101997 0.000000
345.721113 82.347361 0.000000
341.441512 109.094864 0.000000
352.497147 126.926534 0.000000
388.873752 132.632668 0.000000
366.049215 136.199001 0.000000
374.251783 139.765335 0.000000
399.037803 138.695435 0.000000
402.960770 111.234665 0.000000
425.072040 142.975036 0.000000
442.190442 152.960770 0.000000
458.595578 172.932240 0.000000
454.672611 189.694009 0.000000
472.504280 194.330243 0.000000
427.211840 91.976462 0.000000
460.378745 65.942225 0.000000
433.274608 37.411555 0.000000
472.860913 26.355920 0.000000
460.378745 42.404422 0.000000
433.631241 104.101997 0.000000
460.022111 108.381598 0.000000
450.393010 132.989301 0.000000
436.484308 118.723966 0.000000
479.280314 135.842368 0.000000
425.428673 81.277461 0.000000
225.000713 9.950785 0.000000
220.007846 43.474322 0.000000
217.511412 28.495720 0.000000
42.047789 119.793866 0.000000
288.303138 203.877665 0.000000
302.925107 213.506766 0.000000
287.233238 217.429733 0.000000
302.211840 232.408335 0.000000
306.491441 244.533870 0.000000
321.470043 235.618036 0.000000
318.260342 259.512472 0.000000
299.358773 261.295639 0.000000
303.995007 304.804912 0.000000
308.274608 341.068021 0.000000
286.876605 342.137921 0.000000
299.715407 363.892557 0.000000
265.478602 358.543056 0.000000
256.206134 331.795553 0.000000
292.226106 384.220660 0.000000
290.799572 372.451758 0.000000
268.331669 377.087992 0.000000
275.464337 390.996694 0.000000
275.107703 404.905396 0.000000
306.848074 399.555895 0.000000
310.771041 421.667165 0.000000
308.987874 437.197575 0.000000
285.806705 442.190442 0.000000
275.464337 441.120542 0.000000
280.813837 459.308845 0.000000
259.772468 454.315977 0.000000
243.723966 433.987874 0.000000
266.905136 482.490014 0.000000
257.632668 484.629815 0.000000
249.786733 492.475749 0.000000
224.822397 474.644080 0.000000
238.374465 493.902282 0.000000
224.465763 493.545649 0.000000
208.060628 494.615549 0.000000
213.766762 479.636947 0.000000
214.123395 464.658345 0.000000
194.865193 475.357347 0.000000
185.236091 492.119116 0.000000
176.320257 492.832382 0.000000
163.124822 494.615549 0.000000
153.139087 494.972183 0.000000
128.174750 492.832382 0.000000
124.251783 479.636947 0.000000
136.020685 463.945078 0.000000
121.042083 465.371612 0.000000
108.203281 477.497147 0.000000
111.412981 488.196148 0.000000
91.084879 495.328816 0.000000
81.099144 490.692582 0.000000
72.896576 495.685449 0.000000
94.294579 478.210414 0.000000
78.246077 477.853780 0.000000
64.337375 481.420114 0.000000
52.568474 477.497147 0.000000
71.826676 467.868046 0.000000
99.109130 453.246077 0.000000
100.535663 461.448645 0.000000
97.325963 436.484308 0.000000
109.094864 431.491441 0.000000
105.528531 421.505706 0.000000
95.186163 420.792439 0.000000
80.207561 430.064907 0.000000
39.907989 453.959344 0.000000
49.180456 464.301712 0.000000
48.467190 440.763909 0.000000
40.977889 443.973609 0.000000
44.900856 431.848074 0.000000
43.117689 421.862340 0.000000
38.838088 412.233238 0.000000
48.467190 407.240371 0.000000
58.096291 404.743937 0.000000
82.703994 411.519971 0.000000
90.193295 403.674037 0.000000
75.214693 395.828103 0.000000
62.375892 388.338802 0.000000
53.816690 392.261769 0.000000
79.137660 388.695435 0.000000
86.626961 383.702568 0.000000
105.885164 400.107703 0.000000
104.101997 388.695435 0.000000
113.731098 381.206134 0.000000
86.626961 371.577033 0.000000
99.822397 362.304565 0.000000
104.101997 369.080599 0.000000
110.878031 356.955064 0.000000
119.080599 347.682596 0.000000
135.842368 392.618402 0.000000
153.674037 272.613407 0.000000
135.842368 245.509270 0.000000
119.437233 257.634805 0.000000
151.177603 210.559198 0.000000
491.405849 496.042083 0.000000
481.776748 459.308845 0.000000
451.462910 440.763909 0.000000
420.435806 456.099144 0.000000
407.597004 467.868046 0.000000
398.324536 478.923680 0.000000
382.276034 484.986448 0.000000
379.422967 496.755350 0.000000
350.892297 494.258916 0.000000
355.528531 472.504280 0.000000
364.800999 483.559914 0.000000
367.654066 458.595578 0.000000
389.052068 437.554208 0.000000
388.338802 455.385877 0.000000
402.247504 433.987874 0.000000
420.435806 411.876605 0.000000
453.959344 313.445792 0.000000
168.703552 448.245902 0.000000
183.730874 412.726776 0.000000
208.662568 404.871585 0.000000
252.719945 382.672131 0.000000
295.752732 423.314208 0.000000
