497.445774 16.640868 2.000000
434.389892 5.238267 2.000000
451.031203 9.387865 2.000000
428.974729 20.129964 2.000000
423.075517 20.878692 2.000000
406.411552 21.935018 2.000000
421.303249 34.570397 2.000000
407.765343 40.436823 2.000000
391.519856 30.960289 2.000000
411.826715 63.451264 2.000000
395.129964 81.050542 2.000000
396.935018 93.234657 2.000000
408.667870 110.382671 2.000000
415.888087 108.126354 2.000000
490.148658 119.198704 2.000000
487.881014 111.494437 2.000000
474.101083 85.111913 2.000000
454.696751 69.317690 2.000000
449.160576 109.391919 2.000000
475.696899 116.997825 2.000000
480.870036 137.007220 2.000000
461.179566 99.310321 2.000000
448.379061 90.075812 2.000000
417.241877 76.086643 2.000000
361.285199 59.841155 2.000000
363.783541 95.788439 2.000000
364.774294 104.791057 2.000000
387.141613 126.189225 0.000000
415.888087 132.494585 2.000000
323.830325 62.097473 2.000000
295.400722 55.328520 2.000000
314.805054 27.350181 2.000000
313.902527 10.653430 2.000000
346.393502 52.620939 2.000000
340.075812 31.411552 2.000000
363.090253 25.545126 2.000000
368.505415 12.909747 2.000000
246.664260 30.509025 2.000000
241.700361 33.667870 2.000000
183.036101 51.718412 2.000000
188.000000 40.436823 2.000000
184.841155 21.483755 2.000000
184.841155 59.389892 2.000000
196.122744 69.768953 2.000000
216.429603 72.927798 2.000000
222.296029 58.938628 2.000000
238.541516 58.938628 2.000000
229.064982 68.415162 2.000000
249.823105 67.963899 2.000000
259.299639 87.819495 2.000000
254.456753 122.203749 2.000000
279.551059 121.003758 2.000000
290.073785 123.766778 2.000000
276.898917 155.960289 2.000000
279.606498 143.776173 2.000000
338.722022 167.241877 2.000000
352.711191 155.057762 2.000000
333.306859 153.703971 2.000000
331.953069 182.133574 2.000000
316.158845 200.635379 2.000000
318.415162 211.014440 2.000000
345.942238 196.122744 2.000000
361.285199 211.014440 2.000000
185.743682 136.104693 2.000000
193.866426 147.837545 2.000000
204.696751 157.765343 2.000000
229.064982 154.606498 2.000000
228.371693 144.734140 2.000000
246.664260 162.729242 2.000000
261.555957 178.974729 2.000000
263.812274 198.830325 2.000000
243.505415 185.292419 2.000000
155.509025 129.787004 2.000000
167.693141 151.447653 2.000000
168.144404 165.888087 2.000000
191.158845 199.281588 2.000000
189.386577 228.371693 2.000000
51.718412 138.812274 2.000000
11.330325 110.157040 2.000000
50.138989 50.590253 2.000000
78.271128 83.015654 2.000000
14.940433 16.294224 2.000000
9.525271 26.222022 2.000000
476.357401 40.888087 3.000000
422.921717 64.155878 3.000000
206.920282 39.017459 3.000000
302.620939 137.909747 3.000000
300.815884 177.797390 3.000000
136.644183 97.472481 3.000000
136.104693 86.916968 3.000000
148.288809 73.137036 3.000000
169.046931 84.209386 3.000000
170.400722 96.844765 3.000000
141.124031 145.339202 3.000000
153.396373 168.595668 3.000000
164.413283 189.199991 3.000000
148.288809 211.311905 3.000000
218.234657 248.469314 3.000000
182.012561 248.348302 3.000000
165.302430 261.653361 0.000000
132.945848 246.664260 3.000000
20.581227 168.144404 3.000000
13.361011 163.180505 3.000000
8.760150 147.078683 3.000000
35.472924 137.909747 3.000000
40.888087 129.787004 3.000000
72.025271 130.689531 3.000000
81.501805 139.714801 3.000000
88.931260 169.465408 3.000000
67.061372 155.960289 3.000000
68.866426 176.718412 3.000000
78.794224 179.425993 3.000000
5.689531 190.707581 3.000000
46.930964 245.101231 3.000000
30.283394 101.131769 3.000000
4.110108 114.669675 3.000000
27.575812 30.734657 3.000000
20.355596 37.954874 3.000000
453.246077 169.187589 0.000000
457.169044 208.417261 0.000000
410.806705 179.886591 0.000000
462.161912 236.591298 0.000000
381.206134 178.460057 0.000000
362.661198 179.173324 0.000000
377.996434 223.752496 0.000000
374.430100 239.087732 0.000000
382.632668 234.451498 0.000000
387.982168 239.087732 0.000000
395.828103 243.723966 0.000000
394.044936 262.625535 0.000000
417.939372 270.828103 0.000000
421.505706 258.345934 0.000000
469.651213 274.037803 0.000000
99.465763 188.249192 0.000000
86.983595 195.381860 0.000000
82.703994 208.220662 0.000000
54.886591 214.996696 0.000000
33.488588 212.856896 0.000000
23.859486 181.473158 0.000000
65.585592 230.688565 0.000000
67.368759 216.779863 0.000000
78.424394 223.199264 0.000000
93.402996 239.247766 0.000000
96.612696 225.695697 0.000000
107.311698 244.240633 0.000000
111.591298 253.156468 0.000000
119.080599 262.785569 0.000000
113.374465 266.708536 0.000000
130.136234 260.645769 0.000000
131.562767 284.896838 0.000000
123.716833 280.617238 0.000000
123.716833 290.602973 0.000000
92.333096 269.204970 0.000000
65.585592 263.498836 0.000000
75.927960 299.518807 0.000000
38.481455 289.176439 0.000000
30.992154 276.694271 0.000000
19.223252 255.296268 0.000000
135.842368 308.434642 0.000000
127.996434 305.581575 0.000000
145.828103 297.735640 0.000000
155.457204 313.070876 0.000000
167.582739 326.979577 0.000000
187.197575 349.090847 0.000000
213.231812 309.147908 0.000000
217.868046 322.343343 0.000000
227.853780 327.336211 0.000000
235.699715 340.175012 0.000000
282.775321 178.883173 0.000000
275.999287 181.379607 0.000000
292.761056 193.505142 0.000000
348.752496 263.405285 0.000000
349.822397 230.595014 0.000000
285.628388 214.189878 0.000000
290.977889 225.602146 0.000000
312.375892 225.602146 0.000000
338.053495 296.215556 0.000000
360.164765 322.249792 0.000000
344.472896 328.669193 0.000000
322.361626 314.047225 0.000000
316.298859 304.061490 0.000000
296.684023 291.579322 0.000000
283.131954 285.873188 0.000000
277.782454 275.887453 0.000000
264.230385 271.964486 0.000000
257.810984 250.923116 0.000000
293.830956 310.124258 0.000000
276.355920 291.935955 0.000000
306.313124 323.319693 0.000000
342.689729 347.570763 0.000000
54.886591 334.665478 0.000000
33.488588 329.315977 0.000000
11.733951 288.659772 0.000000
19.579886 299.002140 0.000000
16.013552 312.910842 0.000000
73.074893 338.945078 0.000000
85.913695 352.140514 0.000000
86.983595 339.658345 0.000000
58.096291 312.910842 0.000000
68.795292 307.917974 0.000000
109.808131 343.937946 0.000000
22.789586 392.083452 0.000000
7.810984 350.357347 0.000000
196.470043 364.266049 0.000000
210.022111 385.664051 0.000000
183.274608 369.972183 0.000000
151.534237 374.608417 0.000000
142.618402 371.042083 0.000000
132.989301 342.154779 0.000000
169.722539 399.572753 0.000000
195.400143 412.411555 0.000000
200.749643 410.628388 0.000000
213.231812 430.243224 0.000000
216.084879 413.124822 0.000000
229.636947 435.236091 0.000000
236.412981 408.845221 0.000000
241.405849 437.375892 0.000000
237.126248 444.508559 0.000000
312.910842 239.444365 0.000000
310.057775 246.577033 0.000000
310.771041 257.632668 0.000000
300.785307 259.415835 0.000000
358.559914 297.932240 0.000000
380.314551 316.120542 0.000000
397.076320 337.161912 0.000000
429.173324 359.629815 0.000000
430.599857 336.448645 0.000000
483.916548 441.833809 0.000000
447.183310 418.296006 0.000000
422.218973 376.569900 0.000000
453.602710 394.044936 0.000000
471.077746 398.324536 0.000000
479.636947 421.505706 0.000000
494.615549 423.288873 0.000000
493.189016 411.163338 0.000000
460.378745 450.749643 0.000000
428.995007 437.554208 0.000000
391.905136 438.267475 0.000000
387.268902 444.330243 0.000000
379.422967 453.959344 0.000000
380.849501 465.014979 0.000000
336.983595 445.400143 0.000000
334.843795 415.799572 0.000000
329.137660 391.548502 0.000000
300.250357 413.659772 0.000000
316.298859 459.665478 0.000000
341.263195 481.420114 0.000000
349.822397 486.769615 0.000000
305.956491 458.952211 0.000000
285.271755 481.063481 0.000000
275.642653 459.308845 0.000000
259.594151 452.176177 0.000000
258.524251 438.267475 0.000000
279.565621 424.002140 0.000000
285.271755 429.351641 0.000000
249.608417 371.933666 0.000000
224.644080 367.654066 0.000000
205.029244 491.049215 0.000000
185.771041 489.266049 0.000000
193.260342 474.644080 0.000000
192.903709 458.595578 0.000000
179.708274 436.127675 0.000000
141.905136 424.002140 0.000000
144.044936 431.491441 0.000000
156.883738 470.364479 0.000000
114.800999 471.434379 0.000000
134.059201 490.692582 0.000000
116.940799 452.176177 0.000000
147.254636 417.939372 0.000000
147.967903 411.163338 0.000000
114.800999 395.114836 0.000000
129.066334 409.736805 0.000000
90.193295 414.373039 0.000000
82.347361 387.982168 0.000000
72.004993 393.688302 0.000000
44.187589 382.989301 0.000000
46.327389 399.751070 0.000000
78.067760 425.072040 0.000000
64.159058 457.525678 0.000000
67.725392 475.000713 0.000000
95.542796 479.993581 0.000000
9.950785 451.462910 0.000000
22.789586 409.736805 0.000000
26.712553 425.428673 0.000000
8.880884 477.497147 0.000000
28.139087 495.328816 0.000000
198.253210 437.554208 0.000000
187.197575 426.855207 0.000000
206.812411 436.840942 0.000000
230.350214 477.853780 0.000000
233.203281 468.581312 0.000000
240.692582 488.909415 0.000000
350.056011 124.816940 0.000000
312.829235 96.128415 0.000000
290.288251 93.396175 0.000000
303.949454 81.442623 0.000000
346.982240 110.814208 0.000000
355.178962 108.081967 0.000000
387.965847 133.355191 0.000000
234.277322 11.428962 0.000000
242.132514 4.598361 0.000000
298.143443 13.478142 0.000000
203.198087 97.494536 0.000000
164.946721 57.877049 0.000000
136.941257 34.311475 0.000000
144.454918 15.868852 0.000000
40.629781 9.038251 0.000000
71.709016 18.601093 0.000000
65.903005 7.330601 0.000000
59.413934 23.724044 0.000000
88.785519 45.581967 0.000000
88.785519 34.994536 0.000000
77.173497 32.262295 0.000000
109.960383 44.557377 0.000000
121.230874 89.297814 0.000000
115.424863 80.759563 0.000000
104.495902 72.221311 0.000000
108.252732 121.743169 0.000000
87.760929 118.327869 0.000000
104.495902 154.871585 0.000000
86.736339 153.163934 0.000000
106.545082 165.459016 0.000000
117.815574 167.849727 0.000000
12.965847 79.051913 0.000000
4.086066 86.907104 0.000000
54.290984 87.931694 0.000000
68.976776 101.934426 0.000000
231.545082 311.292350 0.000000
214.127049 293.532787 0.000000
225.056011 294.898907 0.000000
238.034153 277.822404 0.000000
162.214481 298.655738 0.000000
494.523224 2.207650 0.000000
495.889344 6.647541 0.000000
498.280055 180.486339 0.000000
364.058743 48.314208 0.000000
363.717213 53.095628 0.000000
415.288251 148.040984 0.000000
408.457650 164.434426 0.000000
452.515027 215.663934 0.000000
45.411202 152.480874 0.000000
175.192623 236.838798 0.000000
187.146175 127.549180 0.000000
154.700820 118.669399 0.000000
209.004098 123.109290 0.000000
203.881148 281.237705 0.000000
190.903005 317.439891 0.000000
144.796448 186.292350 0.000000
117.815574 199.270492 0.000000
121.230874 218.396175 0.000000
105.178962 202.685792 0.000000
96.299180 206.101093 0.000000
113.034153 221.469945 0.000000
88.785519 252.890710 0.000000
422.460383 388.819672 0.000000
407.091530 408.969945 0.000000
473.348361 367.644809 0.000000
453.881148 337.028531 0.000000
478.812842 53.095628 0.000000
488.375683 63.683060 0.000000
486.326503 32.262295 0.000000
496.913934 193.122951 0.000000
461.053279 178.095628 0.000000
294.684989 34.653005 0.000000
453.198087 288.220641 0.000000
442.269126 231.185122 0.000000
438.170765 332.961078 0.000000
451.148907 368.480204 0.000000
363.008381 376.524590 0.000000
341.833517 360.472678 0.000000
321.000184 372.426230 0.000000
263.623135 485.131148 0.000000
256.109474 478.983607 0.000000
241.423681 459.516393 0.000000
322.707834 489.571038 0.000000
268.404556 384.379781 0.000000
280.358108 329.393443 0.000000
68.976776 247.444311 0.000000
95.616120 315.067261 0.000000
106.886612 327.020813 0.000000
4.769126 270.639104 0.000000
216.943499 231.905249 0.000000
282.920533 49.680328 0.000000
398.211749 393.601093 0.000000
381.476776 364.229508 0.000000
410.165301 303.136462 0.000000
158.278444 322.904372 0.000000
