2.000000 77.000000 2.000000
2.000000 147.000000 2.000000
2.000000 462.000000 2.000000
2.000000 484.000000 2.000000
12.000000 84.000000 2.000000
18.000000 175.000000 2.000000
18.497739 204.246608 2.000000
19.000000 454.000000 2.000000
18.493216 476.753392 2.000000
21.000000 44.000000 2.000000
22.000000 306.000000 2.000000
22.000000 335.000000 2.000000
23.000000 137.000000 2.000000
25.000000 97.000000 2.000000
26.000000 385.000000 2.000000
24.614259 367.869912 2.000000
28.000000 297.000000 2.000000
31.000000 111.000000 2.000000
35.000000 447.000000 2.000000
37.000000 335.000000 2.000000
35.488693 427.748869 2.000000
39.000000 258.000000 2.000000
40.000000 18.000000 2.000000
39.246608 197.748869 2.000000
38.493216 359.246608 2.000000
42.000000 110.000000 2.000000
43.000000 461.242085 2.000000
41.990955 34.242085 2.000000
47.000000 143.000000 2.000000
47.000000 235.000000 2.000000
49.000000 159.000000 2.000000
51.497739 349.995477 2.000000
54.000000 77.000000 2.000000
56.000000 294.000000 2.000000
57.000000 395.000000 2.000000
63.000000 278.000000 2.000000
62.995477 459.995477 2.000000
66.000000 19.000000 2.000000
67.000000 55.744347 2.000000
68.000000 131.000000 2.000000
68.000000 313.000000 2.000000
69.000000 141.000000 2.000000
68.986432 350.000000 2.000000
73.000000 41.000000 2.000000
72.748869 283.246608 2.000000
75.000000 154.000000 2.000000
80.000000 110.000000 2.000000
81.000000 75.000000 2.000000
83.000000 52.000000 2.000000
84.000000 143.000000 2.000000
84.000000 445.246608 2.000000
85.000000 271.000000 2.000000
86.000000 493.000000 2.000000
85.995477 255.246608 2.000000
90.497739 422.246608 2.000000
97.000000 59.000000 2.000000
99.000000 465.000000 2.000000
101.748869 343.995477 2.000000
103.000000 327.000000 2.000000
102.246608 429.246608 2.000000
104.246608 264.246608 2.000000
105.000000 384.000000 2.000000
108.000000 316.000000 2.000000
109.000000 190.000000 2.000000
110.000000 233.000000 2.000000
111.990955 135.744347 2.000000
116.000000 178.000000 2.000000
118.000000 67.000000 2.000000
125.000000 447.000000 2.000000
129.000000 158.748869 2.000000
129.000000 190.000000 2.000000
131.493216 466.251131 2.000000
137.000000 119.000000 2.000000
140.000000 221.000000 2.000000
140.000000 380.000000 2.000000
142.246608 462.744347 2.000000
144.000000 152.000000 2.000000
150.000000 205.748869 2.000000
151.000000 380.000000 2.000000
151.000000 438.000000 2.000000
151.246608 459.493216 2.000000
151.493216 59.497739 2.000000
154.000000 429.000000 2.000000
157.000000 362.000000 2.000000
160.000000 54.000000 2.000000
161.748869 456.246608 2.000000
163.000000 439.000000 2.000000
165.000000 190.000000 2.000000
165.000000 315.000000 2.000000
165.000000 482.000000 2.000000
170.308470 69.769008 2.000000
166.000000 302.000000 2.000000
167.000000 379.000000 2.000000
168.000000 206.000000 2.000000
170.497739 53.502261 2.000000
180.000000 92.000000 2.000000
181.000000 176.000000 2.000000
184.000000 151.000000 2.000000
188.000000 405.000000 2.000000
189.000000 256.000000 2.000000
191.000000 108.000000 2.000000
191.000000 420.000000 2.000000
194.000000 84.000000 2.000000
195.000000 7.000000 2.000000
196.000000 264.000000 2.000000
197.000000 47.000000 2.000000
197.000000 183.000000 2.000000
200.000000 337.000000 2.000000
202.000000 443.000000 2.000000
203.000000 37.000000 2.000000
205.246608 57.995477 2.000000
207.000000 455.000000 2.000000
206.493216 337.493216 2.000000
211.922521 100.384504 2.000000
216.000000 2.000000 2.000000
219.000000 277.000000 2.000000
222.000000 42.000000 2.000000
223.000000 81.000000 2.000000
223.000000 469.000000 2.000000
223.246608 309.744347 2.000000
224.000000 437.000000 2.000000
225.000000 283.000000 2.000000
225.000000 414.000000 2.000000
227.000000 338.246608 2.000000
227.000000 427.000000 2.000000
233.000000 261.000000 2.000000
235.000000 182.000000 2.000000
236.000000 168.000000 2.000000
235.237563 245.748869 2.000000
242.000000 391.000000 2.000000
243.000000 321.000000 2.000000
245.000000 65.000000 2.000000
249.000000 55.000000 2.000000
256.246608 197.748869 2.000000
257.000000 276.000000 2.000000
262.000000 234.000000 2.000000
265.000000 68.000000 2.000000
266.000000 145.000000 2.000000
266.000000 244.000000 2.000000
268.000000 351.000000 2.000000
269.000000 122.000000 2.000000
270.000000 158.000000 2.000000
275.000000 291.000000 2.000000
276.615496 85.769008 2.000000
278.000000 442.000000 2.000000
284.308470 197.615496 2.000000
282.000000 317.000000 2.000000
283.000000 117.000000 2.000000
285.000000 133.000000 2.000000
285.000000 290.000000 2.000000
286.000000 61.000000 2.000000
287.000000 231.000000 2.000000
289.000000 347.000000 2.000000
295.923966 253.077479 2.000000
293.493216 385.748869 2.000000
303.000000 454.000000 2.000000
304.000000 9.000000 2.000000
304.000000 31.000000 2.000000
306.000000 101.000000 2.000000
306.000000 346.000000 2.000000
307.251131 499.242085 2.000000
309.000000 200.000000 2.000000
311.000000 20.000000 2.000000
312.000000 87.000000 2.000000
318.000000 113.000000 2.000000
321.000000 236.000000 2.000000
322.000000 27.000000 2.000000
329.000000 357.000000 2.000000
332.000000 139.000000 2.000000
333.000000 14.000000 2.000000
331.744347 415.995477 2.000000
338.000000 119.000000 2.000000
342.000000 235.000000 2.000000
342.000000 256.000000 2.000000
342.000000 293.000000 2.000000
347.000000 345.000000 2.000000
347.995477 375.995477 2.000000
351.506784 387.493216 2.000000
351.000000 160.000000 2.000000
353.000000 404.000000 2.000000
354.000000 132.000000 2.000000
365.000000 272.000000 2.000000
366.000000 56.497739 2.000000
366.000000 352.000000 2.000000
367.000000 89.000000 2.000000
366.493216 11.000000 2.000000
368.000000 144.000000 2.000000
368.000000 293.000000 2.000000
368.000000 373.000000 2.000000
378.000000 2.000000 2.000000
378.000000 25.000000 2.000000
378.995477 391.493216 2.000000
381.246608 9.986432 2.000000
382.000000 65.000000 2.000000
384.000000 170.000000 2.000000
392.000000 349.000000 2.000000
395.000000 364.000000 2.000000
397.000000 328.000000 2.000000
397.748869 206.246608 2.000000
399.000000 215.000000 2.000000
399.493216 7.493216 2.000000
402.000000 470.000000 2.000000
404.000000 415.000000 2.000000
404.000000 437.000000 2.000000
405.000000 124.000000 2.000000
411.000000 256.000000 2.000000
412.739824 337.497739 2.000000
419.246608 392.995477 2.000000
422.255653 239.990955 2.000000
421.000000 368.242085 2.000000
424.000000 10.000000 2.000000
428.000000 55.000000 2.000000
428.000000 323.000000 2.000000
431.246608 421.493216 2.000000
435.000000 208.990955 2.000000
436.000000 471.000000 2.000000
437.000000 257.000000 2.000000
438.000000 9.000000 2.000000
451.000000 241.000000 2.000000
452.000000 77.000000 2.000000
453.000000 487.000000 2.000000
456.000000 40.000000 2.000000
460.000000 71.000000 2.000000
458.744347 367.748869 2.000000
465.000000 82.000000 2.000000
462.990955 182.739824 2.000000
466.000000 52.000000 2.000000
471.000000 347.000000 2.000000
473.000000 403.000000 2.000000
474.000000 124.000000 2.000000
474.493216 380.497739 2.000000
479.000000 79.000000 2.000000
481.000000 49.000000 2.000000
488.000000 245.000000 2.000000
491.000000 485.000000 2.000000
495.000000 139.000000 2.000000
499.000000 491.000000 2.000000
2.000000 47.000000 3.000000
2.000000 64.000000 3.000000
2.502261 293.497739 3.000000
10.000000 386.000000 3.000000
14.000000 358.000000 3.000000
16.000000 14.000000 3.000000
16.000000 465.497739 3.000000
18.000000 68.000000 3.000000
19.000000 286.000000 3.000000
22.000000 419.000000 3.000000
23.000000 359.000000 3.000000
27.000000 186.493216 3.000000
28.000000 197.000000 3.000000
28.000000 488.000000 3.000000
30.000000 131.000000 3.000000
31.000000 10.000000 3.000000
35.000000 80.000000 3.000000
40.000000 179.000000 3.000000
40.000000 282.995477 3.000000
44.000000 271.000000 3.000000
47.000000 54.000000 3.000000
49.000000 44.000000 3.000000
50.000000 330.000000 3.000000
52.000000 174.000000 3.000000
54.000000 64.000000 3.000000
54.000000 97.000000 3.000000
57.000000 34.000000 3.000000
54.739824 445.748869 3.000000
57.000000 475.000000 3.000000
58.000000 200.000000 3.000000
62.000000 46.000000 3.000000
61.748869 100.744347 3.000000
61.744347 232.000000 3.000000
68.000000 243.000000 3.000000
71.000000 475.000000 3.000000
72.000000 165.000000 3.000000
73.000000 225.000000 3.000000
76.000000 31.000000 3.000000
79.000000 240.000000 3.000000
82.000000 186.000000 3.000000
82.000000 474.000000 3.000000
83.497739 346.995477 3.000000
87.000000 160.000000 3.000000
87.000000 462.000000 3.000000
88.000000 227.000000 3.000000
89.000000 39.000000 3.000000
90.000000 438.000000 3.000000
91.000000 476.000000 3.000000
93.000000 27.000000 3.000000
97.000000 201.000000 3.000000
100.000000 37.000000 3.000000
100.000000 442.000000 3.000000
101.000000 211.000000 3.000000
105.000000 281.000000 3.000000
107.000000 171.000000 3.000000
105.538017 10.077479 3.000000
110.000000 43.000000 3.000000
110.000000 253.000000 3.000000
111.000000 431.000000 3.000000
112.000000 408.000000 3.000000
113.497739 383.748869 3.000000
115.000000 200.000000 3.000000
118.000000 50.000000 3.000000
119.000000 21.000000 3.000000
118.246608 251.748869 3.000000
119.000000 492.000000 3.000000
120.000000 267.000000 3.000000
119.497739 347.744347 3.000000
121.000000 4.000000 3.000000
124.000000 41.000000 3.000000
127.000000 415.000000 3.000000
129.000000 344.000000 3.000000
130.000000 16.000000 3.000000
130.000000 204.000000 3.000000
129.744347 55.748869 3.000000
131.000000 486.000000 3.000000
130.744347 278.251131 3.000000
136.493216 346.493216 3.000000
138.000000 438.000000 3.000000
139.000000 131.000000 3.000000
141.000000 2.000000 3.000000
141.000000 19.000000 3.000000
141.000000 63.000000 3.000000
141.000000 414.000000 3.000000
142.000000 88.739824 3.000000
148.000000 49.000000 3.000000
149.251131 159.739824 3.000000
149.000000 271.000000 3.000000
151.000000 215.000000 3.000000
152.000000 14.000000 3.000000
154.000000 2.000000 3.000000
155.000000 225.000000 3.000000
159.000000 92.000000 3.000000
162.000000 41.000000 3.000000
165.000000 84.000000 3.000000
165.000000 261.995477 3.000000
166.000000 127.000000 3.000000
168.000000 22.000000 3.000000
171.000000 42.000000 3.000000
174.000000 353.000000 3.000000
177.000000 24.000000 3.000000
179.000000 435.000000 3.000000
179.493216 269.995477 3.000000
182.000000 454.000000 3.000000
184.000000 231.000000 3.000000
185.753392 41.251131 3.000000
185.000000 75.000000 3.000000
185.000000 126.000000 3.000000
197.000000 313.000000 3.000000
199.000000 349.000000 3.000000
200.000000 218.000000 3.000000
201.000000 161.000000 3.000000
206.000000 253.000000 3.000000
207.000000 426.000000 3.000000
212.000000 127.000000 3.000000
212.000000 198.000000 3.000000
215.000000 213.000000 3.000000
214.246608 352.744347 3.000000
214.246608 492.995477 3.000000
218.000000 254.000000 3.000000
220.000000 375.000000 3.000000
222.000000 449.000000 3.000000
232.000000 4.000000 3.000000
236.000000 451.000000 3.000000
238.000000 433.000000 3.000000
240.000000 407.000000 3.000000
238.995477 470.493216 3.000000
241.251131 30.000000 3.000000
243.000000 340.000000 3.000000
243.000000 464.000000 3.000000
244.000000 127.000000 3.000000
246.000000 91.000000 3.000000
247.000000 491.000000 3.000000
248.000000 347.000000 3.000000
250.000000 20.000000 3.000000
252.000000 408.000000 3.000000
254.000000 6.000000 3.000000
255.000000 423.000000 3.000000
256.000000 256.000000 3.000000
256.000000 464.000000 3.000000
257.000000 490.000000 3.000000
258.000000 124.000000 3.000000
260.000000 400.000000 3.000000
261.000000 500.000000 3.000000
264.000000 80.000000 3.000000
265.497739 13.497739 3.000000
269.660297 28.000000 3.000000
271.000000 467.000000 3.000000
275.000000 407.000000 3.000000
274.995477 394.000000 3.000000
277.000000 263.000000 3.000000
278.000000 490.000000 3.000000
277.995477 16.497739 3.000000
282.000000 270.000000 3.000000
282.000000 374.000000 3.000000
283.000000 465.000000 3.000000
285.000000 28.000000 3.000000
290.000000 478.000000 3.000000
292.000000 490.000000 3.000000
295.000000 150.000000 3.000000
295.000000 431.000000 3.000000
296.000000 269.000000 3.000000
296.000000 309.000000 3.000000
299.000000 462.000000 3.000000
301.000000 373.000000 3.000000
302.000000 403.000000 3.000000
304.000000 436.000000 3.000000
304.000000 487.000000 3.000000
305.000000 189.000000 3.000000
307.000000 476.000000 3.000000
310.000000 279.000000 3.000000
313.000000 299.000000 3.000000
314.000000 366.000000 3.000000
314.000000 410.000000 3.000000
316.000000 159.000000 3.000000
317.000000 380.000000 3.000000
317.000000 439.000000 3.000000
318.000000 187.000000 3.000000
318.000000 450.000000 3.000000
319.000000 310.000000 3.000000
320.000000 488.000000 3.000000
323.000000 169.000000 3.000000
323.000000 428.000000 3.000000
325.000000 200.000000 3.000000
325.000000 474.000000 3.000000
327.000000 455.000000 3.000000
328.000000 59.000000 3.000000
330.748869 80.990955 3.000000
334.000000 431.000000 3.000000
338.000000 465.000000 3.000000
340.000000 195.000000 3.000000
341.000000 480.000000 3.000000
341.000000 496.000000 3.000000
343.000000 363.000000 3.000000
346.000000 80.000000 3.000000
351.000000 454.000000 3.000000
352.000000 468.000000 3.000000
352.000000 490.000000 3.000000
353.000000 178.000000 3.000000
353.000000 206.000000 3.000000
353.000000 236.000000 3.000000
353.000000 431.000000 3.000000
354.246608 478.237563 3.000000
356.000000 66.000000 3.000000
356.246608 214.995477 3.000000
358.000000 13.000000 3.000000
358.000000 327.000000 3.000000
359.000000 420.000000 3.000000
360.497739 22.246608 3.000000
368.000000 206.000000 3.000000
368.000000 218.000000 3.000000
369.000000 257.000000 3.000000
369.000000 328.000000 3.000000
367.990955 428.242085 3.000000
370.000000 482.000000 3.000000
371.242085 401.739824 3.000000
375.000000 116.000000 3.000000
375.000000 492.000000 3.000000
378.000000 230.000000 3.000000
380.000000 206.000000 3.000000
381.000000 370.000000 3.000000
382.000000 283.000000 3.000000
382.000000 485.000000 3.000000
383.000000 468.000000 3.000000
386.000000 87.000000 3.000000
390.000000 135.000000 3.000000
390.000000 425.000000 3.000000
391.000000 45.000000 3.000000
391.000000 290.000000 3.000000
391.000000 375.000000 3.000000
391.000000 499.000000 3.000000
393.000000 75.000000 3.000000
395.000000 236.000000 3.000000
398.000000 481.000000 3.000000
401.000000 194.000000 3.000000
402.000000 385.000000 3.000000
403.000000 372.000000 3.000000
404.000000 287.000000 3.000000
407.000000 145.000000 3.000000
410.000000 53.000000 3.000000
410.493216 376.497739 3.000000
417.000000 186.000000 3.000000
417.000000 351.000000 3.000000
418.000000 323.000000 3.000000
418.000000 413.000000 3.000000
421.000000 404.000000 3.000000
428.000000 165.000000 3.000000
431.000000 114.000000 3.000000
431.000000 280.000000 3.000000
433.000000 369.000000 3.000000
436.515829 432.735302 3.000000
435.000000 494.000000 3.000000
437.000000 227.000000 3.000000
438.000000 108.000000 3.000000
438.000000 130.995477 3.000000
438.000000 378.000000 3.000000
440.000000 196.000000 3.000000
443.000000 26.000000 3.000000
443.748869 137.242085 3.000000
444.000000 282.000000 3.000000
445.000000 161.000000 3.000000
443.493216 422.497739 3.000000
449.000000 119.000000 3.000000
449.000000 322.000000 3.000000
449.000000 367.000000 3.000000
450.000000 436.000000 3.000000
452.000000 2.000000 3.000000
456.264698 99.488693 3.000000
455.000000 183.000000 3.000000
456.000000 128.000000 3.000000
457.000000 144.000000 3.000000
456.493216 398.246608 3.000000
460.000000 442.000000 3.000000
461.000000 157.000000 3.000000
464.000000 492.000000 3.000000
465.000000 137.000000 3.000000
469.000000 147.000000 3.000000
470.000000 247.000000 3.000000
471.000000 24.000000 3.000000
473.000000 202.000000 3.000000
475.000000 180.000000 3.000000
475.000000 311.000000 3.000000
477.246608 487.744347 3.000000
480.000000 367.000000 3.000000
481.000000 39.000000 3.000000
481.493216 142.246608 3.000000
484.000000 232.000000 3.000000
485.000000 456.000000 3.000000
486.000000 318.000000 3.000000
489.497739 446.753392 3.000000
491.000000 154.000000 3.000000
495.000000 94.000000 3.000000
495.000000 121.000000 3.000000
496.000000 21.000000 3.000000
497.000000 189.000000 3.000000
497.000000 425.000000 3.000000
498.000000 271.000000 3.000000
497.497739 387.995477 3.000000
499.000000 2.000000 3.000000
499.000000 288.000000 3.000000
499.000000 372.000000 3.000000
200.000000 404.000000 4.000000
257.000000 442.000000 4.000000
329.000000 344.000000 4.000000
431.000000 151.000000 4.000000
