214.850181 394.453069 1.000000
239.218412 386.330325 1.000000
135.427798 357.449458 1.000000
42.467509 372.220143 1.000000
266.068592 16.068592 1.000000
286.375451 18.952625 1.000000
275.545126 36.375451 1.000000
257.945848 24.191336 1.000000
259.299639 38.631769 1.000000
244.859206 49.010830 1.000000
241.700361 60.292419 1.000000
232.675090 71.122744 1.000000
230.418773 82.855596 1.000000
241.249097 102.711191 1.000000
250.274368 126.176895 1.000000
264.714801 118.956679 1.000000
275.093863 117.151625 1.000000
269.678700 128.433213 1.000000
286.375451 119.407942 1.000000
290.436823 137.007220 1.000000
298.559567 123.920578 1.000000
317.061372 124.371841 1.000000
329.696751 126.628159 1.000000
341.880866 123.920578 1.000000
350.003610 114.444043 1.000000
352.259928 97.747292 1.000000
337.368231 106.321300 1.000000
372.566787 72.025271 1.000000
373.018051 86.465704 1.000000
386.555957 60.292419 1.000000
390.166065 73.830325 1.000000
380.689531 46.303249 1.000000
381.140794 31.862816 1.000000
398.288809 16.971119 1.000000
378.433213 13.812274 1.000000
322.025271 184.389892 1.000000
343.685921 205.148014 1.000000
365.346570 211.465704 1.000000
363.090253 226.808664 1.000000
365.797834 247.115523 1.000000
372.115523 260.202166 1.000000
382.945848 275.545126 1.000000
373.920578 286.375451 1.000000
364.444043 299.462094 1.000000
357.223827 313.451264 1.000000
353.613718 324.732852 1.000000
340.075812 338.270758 1.000000
323.830325 340.978339 1.000000
296.754513 335.111913 1.000000
316.610108 359.931408 1.000000
283.533477 357.797153 0.000000
280.509025 369.859206 1.000000
266.519856 359.028881 1.000000
255.689531 350.454874 1.000000
245.310469 366.700361 1.000000
211.014440 355.870036 1.000000
208.758123 343.234657 1.000000
215.075812 324.281588 1.000000
210.563177 310.292419 1.000000
248.083624 295.851986 1.000000
212.819495 301.267148 1.000000
216.880866 287.277978 1.000000
229.516245 269.227437 1.000000
222.296029 251.628159 1.000000
225.003610 234.480144 1.000000
230.418773 224.101083 1.000000
247.566787 215.075812 1.000000
250.274368 204.245487 1.000000
263.812274 193.415162 1.000000
96.619134 56.159214 1.000000
74.958484 60.518051 1.000000
74.055957 41.564982 1.000000
46.254069 230.677191 1.000000
49.665073 218.548515 1.000000
21.709386 171.528881 1.000000
112.799048 132.301740 1.000000
121.889892 118.279783 1.000000
85.788809 108.351986 1.000000
88.496390 80.373646 1.000000
372.285716 157.418699 2.000000
439.579422 111.962094 2.000000
453.117329 79.471119 2.000000
461.240072 203.117329 2.000000
488.315884 196.799639 2.000000
425.138989 249.146209 2.000000
425.138989 277.124549 2.000000
432.359206 313.225632 2.000000
434.164260 330.373646 2.000000
441.384477 361.962094 2.000000
428.353273 365.153725 2.000000
411.601083 347.521661 2.000000
402.575812 335.788809 2.000000
390.842960 338.496390 2.000000
389.940433 366.474729 2.000000
373.694946 366.474729 2.000000
408.893502 372.792419 2.000000
481.226814 348.842665 2.000000
449.507220 324.958484 2.000000
473.325828 320.534074 2.000000
494.407942 178.072202 2.000000
498.920578 203.342960 2.000000
499.823105 353.162455 2.000000
499.823105 377.530686 2.000000
461.916968 390.166065 2.000000
255.463899 435.066787 2.000000
263.586643 463.045126 2.000000
317.738267 412.503610 2.000000
287.954874 400.770758 2.000000
274.416968 435.969314 2.000000
298.785199 412.503610 2.000000
175.887717 411.424631 2.000000
171.859132 386.572350 2.000000
146.588374 390.270684 2.000000
227.992262 183.261733 3.000000
411.843108 183.768436 3.000000
404.380866 297.882671 3.000000
413.428790 327.446692 3.000000
358.351986 389.940433 3.000000
498.920578 271.032491 3.000000
162.503610 368.279783 3.000000
179.651625 381.817690 3.000000
320.445848 385.427798 3.000000
119.931038 390.865613 3.000000
95.981284 394.299269 3.000000
48.036471 343.273703 3.000000
46.891919 359.672990 3.000000
20.564834 316.747514 3.000000
65.844987 227.639359 3.000000
295.175090 241.925993 4.000000
301.492780 271.709386 4.000000
306.907942 279.832130 4.000000
424.082663 163.978413 4.000000
466.655235 28.929603 4.000000
480.193141 241.023466 4.000000
493.956679 424.010830 4.000000
298.785199 450.409747 4.000000
192.617255 421.528881 4.000000
326.989170 38.631769 4.000000
322.927798 53.072202 4.000000
317.512635 63.451264 4.000000
307.375599 57.287373 4.000000
421.617107 140.555630 4.000000
398.063177 354.741877 4.000000
61.904628 134.437045 4.000000
87.161912 203.424394 0.000000
32.240371 149.929387 0.000000
34.380171 161.341655 0.000000
19.401569 159.201854 0.000000
42.226106 132.810984 0.000000
49.358773 120.685449 0.000000
35.806705 104.280314 0.000000
32.240371 112.839515 0.000000
31.527104 97.860913 0.000000
52.925107 97.147646 0.000000
44.365906 80.029244 0.000000
60.057775 70.043509 0.000000
57.917974 59.344508 0.000000
124.251783 84.308845 0.000000
125.678317 65.050642 0.000000
114.979315 59.344508 0.000000
140.656919 95.007846 0.000000
141.370185 109.986448 0.000000
149.929387 145.649786 0.000000
160.628388 167.047789 0.000000
125.678317 151.355920 0.000000
104.993581 145.649786 0.000000
80.742511 137.803852 0.000000
85.735378 161.341655 0.000000
72.183310 162.054922 0.000000
96.434379 185.592725 0.000000
106.420114 174.893723 0.000000
143.509986 231.241797 0.000000
154.208987 254.066334 0.000000
156.348787 286.876605 0.000000
151.355920 270.471469 0.000000
132.097718 223.395863 0.000000
154.208987 199.144793 0.000000
160.628388 184.879458 0.000000
149.929387 304.708274 0.000000
139.230385 321.113409 0.000000
124.251783 307.561341 0.000000
124.251783 328.246077 0.000000
111.412981 345.364479 0.000000
92.154779 335.378745 0.000000
87.875178 316.120542 0.000000
68.616976 316.120542 0.000000
64.337375 301.141940 0.000000
53.638374 282.597004 0.000000
55.778174 269.044936 0.000000
62.197575 256.919401 0.000000
53.638374 244.080599 0.000000
80.742511 283.310271 0.000000
183.452924 491.584165 0.000000
175.606990 485.878031 0.000000
157.775321 471.612696 0.000000
102.140514 441.655492 0.000000
81.455777 458.060628 0.000000
67.903709 466.619829 0.000000
61.484308 479.458631 0.000000
47.218973 490.157632 0.000000
85.735378 484.451498 0.000000
141.370185 455.207561 0.000000
66.927596 85.540984 0.000000
62.146175 108.765027 0.000000
71.709016 75.636612 0.000000
98.689891 110.472678 0.000000
104.154372 84.857923 0.000000
97.323770 94.079235 0.000000
52.924863 170.923497 0.000000
39.946721 194.147541 0.000000
30.725410 84.553008 0.000000
63.171364 191.957571 0.000000
65.220545 205.618773 0.000000
110.643443 315.991896 0.000000
18.430328 359.448087 0.000000
9.550546 323.245902 0.000000
11.941257 339.639344 0.000000
5.793716 395.308743 0.000000
23.553279 422.972678 0.000000
17.747268 437.658470 0.000000
35.506831 376.183060 0.000000
93.244889 432.877049 0.000000
103.490790 424.680328 0.000000
82.315927 442.439891 0.000000
95.294069 450.295082 0.000000
138.652803 442.098361 0.000000
163.639038 478.642077 0.000000
178.324830 468.737705 0.000000
232.969639 449.612022 0.000000
297.298059 351.112065 0.000000
387.803523 305.005507 0.000000
306.670606 189.501655 0.000000
281.055852 188.818595 0.000000
496.572404 472.494536 0.000000
193.293716 32.603825 0.000000
191.244536 18.942623 0.000000
172.289617 320.855191 0.000000
207.808743 221.128415 0.000000
