50.364621 24.642599 2.000000
74.281588 28.252708 2.000000
45.400722 49.010830 2.000000
58.938628 62.548736 2.000000
92.783394 28.252708 2.000000
86.916968 8.397112 2.000000
50.364621 75.635379 2.000000
40.888087 105.870036 2.000000
23.288809 119.859206 2.000000
143.324910 71.122744 2.000000
104.064982 55.328520 2.000000
161.826715 34.570397 2.000000
174.462094 34.570397 2.000000
188.902527 7.945848 2.000000
215.978339 22.386282 2.000000
229.967509 63.000000 2.000000
220.039711 51.718412 2.000000
262.458484 42.241877 2.000000
241.249097 81.953069 2.000000
234.028881 98.649819 2.000000
191.610108 125.274368 2.000000
103.613718 118.505415 2.000000
134.750903 137.909747 2.000000
267.422383 159.119134 2.000000
244.859206 137.458484 2.000000
230.418773 159.570397 2.000000
185.292419 190.707581 2.000000
170.662725 211.822337 2.000000
156.862816 228.613718 2.000000
120.361325 210.184656 2.000000
144.227437 210.563177 2.000000
141.971119 182.133574 2.000000
113.825407 192.439892 2.000000
86.465704 200.184116 2.000000
76.537906 208.306859 2.000000
68.415162 194.317690 2.000000
282.301088 25.545126 2.000000
291.326358 20.129964 2.000000
300.802893 32.314079 2.000000
315.243326 36.375451 2.000000
326.524914 14.714801 2.000000
333.293868 22.386282 2.000000
281.398561 38.180505 2.000000
273.275817 58.036101 2.000000
350.893145 7.494585 2.000000
417.228886 78.342960 2.000000
404.593507 65.707581 2.000000
369.846214 63.902527 2.000000
326.073651 68.415162 2.000000
312.346484 120.645215 2.000000
332.653344 136.839847 2.000000
356.308308 120.761733 2.000000
368.492423 130.689531 2.000000
386.091701 134.750903 2.000000
405.044770 131.592058 2.000000
410.911196 115.346570 2.000000
409.106142 104.516245 2.000000
446.109752 107.223827 2.000000
375.261377 142.873646 2.000000
380.225275 153.703971 2.000000
353.600727 154.155235 2.000000
345.550726 179.782626 2.000000
265.153073 212.841382 2.000000
285.459933 208.306859 2.000000
289.070041 239.444043 2.000000
443.853434 208.758123 2.000000
412.264987 200.635379 2.000000
388.799283 202.440433 2.000000
405.044770 174.913357 2.000000
412.716250 158.667870 2.000000
437.535745 145.581227 2.000000
434.376900 156.862816 2.000000
436.181954 167.241877 2.000000
488.541516 17.873646 2.000000
475.454874 69.317690 2.000000
488.992780 63.451264 2.000000
460.017283 145.843231 2.000000
497.566787 229.064982 2.000000
481.772563 235.833935 2.000000
475.454874 118.054152 2.000000
69.768953 132.945848 3.000000
246.212996 50.364621 3.000000
222.296029 137.909747 3.000000
169.046931 133.848375 3.000000
167.125360 88.343501 3.000000
155.079649 117.246255 3.000000
38.631769 201.989170 3.000000
31.411552 182.133574 3.000000
220.942238 225.454874 3.000000
241.249097 178.523466 3.000000
196.122744 164.534296 3.000000
409.106142 26.898917 3.000000
425.351629 38.180505 3.000000
338.709030 101.808664 3.000000
327.878705 223.482446 3.000000
384.286647 230.870036 3.000000
411.362460 220.039711 3.000000
459.660650 183.487365 3.000000
496.212996 200.184116 3.000000
49.358773 312.554208 0.000000
75.749643 320.400143 0.000000
26.890870 292.939372 0.000000
30.100571 281.527104 0.000000
37.589872 286.163338 0.000000
99.644080 261.199001 0.000000
117.475749 270.114836 0.000000
87.875178 272.967903 0.000000
152.069187 326.819544 0.000000
153.495720 348.574180 0.000000
126.034950 364.266049 0.000000
109.986448 366.405849 0.000000
96.077746 345.721113 0.000000
93.224679 336.092011 0.000000
109.986448 317.547076 0.000000
131.384451 297.218973 0.000000
181.669757 368.189016 0.000000
209.130528 328.959344 0.000000
179.529957 323.253210 0.000000
173.110556 259.415835 0.000000
231.955064 282.953638 0.000000
140.300285 379.601284 0.000000
129.601284 397.432953 0.000000
99.644080 400.286020 0.000000
93.224679 376.034950 0.000000
23.324536 373.181883 0.000000
22.611270 360.343081 0.000000
26.890870 344.294579 0.000000
39.373039 322.183310 0.000000
407.418688 262.268902 0.000000
395.649786 257.632668 0.000000
358.203281 303.638374 0.000000
458.060628 253.709700 0.000000
443.082026 375.321683 0.000000
458.060628 363.196148 0.000000
419.187589 385.307418 0.000000
444.508559 399.572753 0.000000
450.927960 407.062054 0.000000
461.983595 419.900856 0.000000
317.547076 284.380171 0.000000
307.917974 345.721113 0.000000
282.240371 308.987874 0.000000
292.939372 401.712553 0.000000
414.016405 420.792439 0.000000
402.604137 435.057775 0.000000
438.980742 476.427247 0.000000
352.318830 369.080599 0.000000
341.263195 352.675464 0.000000
366.940799 414.729672 0.000000
373.360200 423.288873 0.000000
293.474322 462.161912 0.000000
245.685449 369.793866 0.000000
248.538516 380.492867 0.000000
169.009272 430.064907 0.000000
187.910842 409.023538 0.000000
180.778174 432.917974 0.000000
155.100571 448.253210 0.000000
172.218973 454.672611 0.000000
32.262295 423.314208 0.000000
86.907104 439.024590 0.000000
124.475410 424.680328 0.000000
463.443989 464.639344 0.000000
452.856557 475.568306 0.000000
477.788251 435.950820 0.000000
475.056011 294.557377 0.000000
482.911202 323.587432 0.000000
399.577869 377.207650 0.000000
367.815574 444.830601 0.000000
