18.805834 328.838178 1.000000
11.134353 335.155868 1.000000
52.668983 330.425078 1.000000
40.936131 325.461179 1.000000
45.900030 315.984644 1.000000
49.961402 307.410637 1.000000
37.326023 299.287894 1.000000
18.372954 308.764428 1.000000
11.604001 292.970204 1.000000
27.398225 362.013525 1.000000
1.676204 359.305944 1.000000
21.080536 378.259013 1.000000
119.004723 320.948543 1.000000
132.993893 306.056847 1.000000
111.333243 293.872731 1.000000
111.333243 314.630854 1.000000
100.502918 305.605583 1.000000
101.405445 287.555042 1.000000
95.087756 277.175980 1.000000
85.611222 291.616413 1.000000
159.618442 306.959374 1.000000
149.239380 313.728327 1.000000
138.409056 291.616413 1.000000
170.900030 319.143489 1.000000
177.668983 335.840240 1.000000
181.730355 364.269843 1.000000
197.975843 328.168760 1.000000
190.755626 306.959374 1.000000
201.134687 343.962984 1.000000
262.521775 377.186428 1.000000
245.825024 359.135887 1.000000
228.677010 318.973432 1.000000
240.092991 318.973432 0.000000
240.409862 304.081735 1.000000
246.276288 311.301952 1.000000
259.362931 342.439136 1.000000
266.131884 340.634082 1.000000
257.106613 314.912060 1.000000
221.456793 355.074515 1.000000
213.785313 294.605201 1.000000
213.785313 378.088955 1.000000
285.536216 338.829028 1.000000
303.135494 360.489677 1.000000
297.720331 376.735165 1.000000
463.303545 29.452699 2.000000
471.789326 14.626576 2.000000
455.599278 66.610108 2.000000
415.888087 65.256318 2.000000
415.436823 86.916968 2.000000
437.097473 86.465704 2.000000
442.512635 94.137184 2.000000
371.212996 118.956679 2.000000
353.613718 118.956679 2.000000
360.382671 111.736462 2.000000
334.660650 105.418773 2.000000
322.927798 96.844765 2.000000
335.563177 73.830325 2.000000
342.332130 64.353791 2.000000
358.577617 63.000000 2.000000
356.321300 48.559567 2.000000
341.429603 158.667870 2.000000
327.440433 141.971119 2.000000
293.144404 118.054152 2.000000
277.350181 110.382671 2.000000
378.884477 146.935018 2.000000
364.444043 91.154791 2.000000
346.877552 96.932991 2.000000
377.981949 85.563177 2.000000
307.584838 80.599278 2.000000
279.155235 85.563177 2.000000
285.924188 99.101083 2.000000
301.267148 97.747292 2.000000
301.025123 102.711191 2.000000
437.548736 18.324910 2.000000
447.025271 26.898917 2.000000
394.227437 58.938628 2.000000
443.866426 140.617329 2.000000
491.249097 138.361011 2.000000
476.808664 162.729242 2.000000
203.794224 75.635379 2.000000
224.552347 67.512635 2.000000
169.409969 66.852133 2.000000
166.339350 82.855596 2.000000
202.440433 92.332130 2.000000
490.797834 12.007220 3.000000
465.075812 49.462094 3.000000
414.534296 78.342960 3.000000
398.223235 117.481876 3.000000
392.873646 124.371841 3.000000
372.115523 35.472924 3.000000
358.996094 175.518420 3.000000
276.898917 124.371841 3.000000
416.790614 49.913357 3.000000
387.458484 70.671480 3.000000
447.476534 178.974729 3.000000
486.736462 151.447653 3.000000
495.761733 160.770389 3.000000
407.765343 169.949458 3.000000
426.718412 166.790614 3.000000
232.223827 110.833935 3.000000
102.703543 393.618545 4.000000
113.533868 393.167281 4.000000
109.923760 412.120350 4.000000
97.739644 418.438039 4.000000
80.140367 408.961505 4.000000
67.956251 399.484971 4.000000
62.089825 406.253924 4.000000
72.017623 417.535512 4.000000
54.418345 413.022877 4.000000
55.320872 427.914574 4.000000
39.526648 415.730458 4.000000
103.154807 345.333346 4.000000
61.187298 376.019267 4.000000
48.551919 366.993996 4.000000
41.782966 376.921794 4.000000
91.873218 377.824321 4.000000
136.999572 405.351397 4.000000
149.634951 417.084249 4.000000
150.537478 431.975946 4.000000
159.111486 427.012047 4.000000
146.024843 449.575224 4.000000
131.584410 452.734068 4.000000
131.584410 438.293635 4.000000
121.656612 433.781000 4.000000
115.338922 441.001216 4.000000
124.815457 460.856812 4.000000
101.801016 467.174502 4.000000
92.324482 452.734068 4.000000
84.201738 478.456090 4.000000
82.847948 464.918184 4.000000
74.725204 465.369447 4.000000
72.017623 450.929014 4.000000
48.551919 452.282805 4.000000
28.696323 463.113130 4.000000
21.927370 455.441650 4.000000
17.865998 444.160061 4.000000
14.707154 433.781000 4.000000
17.414735 428.817101 4.000000
13.804626 418.889303 4.000000
12.450836 406.253924 4.000000
19.219789 412.571613 4.000000
2.974302 420.243094 4.000000
6.584410 433.329736 4.000000
0.266720 457.246704 4.000000
2.560346 380.282222 4.000000
438.451264 116.249097 4.000000
319.252116 127.112209 4.000000
410.021661 31.862816 4.000000
241.584165 279.030670 0.000000
223.395863 266.191869 0.000000
266.191869 293.652639 0.000000
277.247504 285.806705 0.000000
301.141940 296.505706 0.000000
325.393010 295.435806 0.000000
318.616976 303.995007 0.000000
341.084879 311.127675 0.000000
359.273181 305.064907 0.000000
379.244650 329.672611 0.000000
367.832382 329.672611 0.000000
403.495720 360.343081 0.000000
322.539943 404.565621 0.000000
337.161912 414.907989 0.000000
142.083452 462.518545 0.000000
138.160485 471.077746 0.000000
129.957917 486.056348 0.000000
98.217546 493.902282 0.000000
84.308845 489.266049 0.000000
50.428673 489.979315 0.000000
31.883738 486.056348 0.000000
119.615549 491.405849 0.000000
172.040656 494.258916 0.000000
168.830956 466.084879 0.000000
167.761056 454.315977 0.000000
197.361626 462.518545 0.000000
203.781027 475.713980 0.000000
209.487161 461.448645 0.000000
229.458631 483.916548 0.000000
220.542796 492.832382 0.000000
243.367332 465.014979 0.000000
250.856633 470.364479 0.000000
249.786733 487.482882 0.000000
230.528531 453.246077 0.000000
257.632668 449.323110 0.000000
267.261769 475.000713 0.000000
284.023538 473.217546 0.000000
291.869472 483.203281 0.000000
297.218973 433.274608 0.000000
322.539943 463.231812 0.000000
352.853780 475.000713 0.000000
397.432953 487.482882 0.000000
410.628388 473.217546 0.000000
405.992154 449.679743 0.000000
418.474322 455.029244 0.000000
428.281740 445.043509 0.000000
436.484308 475.000713 0.000000
391.905136 426.498573 0.000000
385.485735 414.729672 0.000000
390.478602 387.268902 0.000000
406.527104 399.394437 0.000000
421.149073 370.863766 0.000000
451.462910 318.438659 0.000000
423.288873 310.236091 0.000000
420.435806 331.634094 0.000000
404.387304 329.850927 0.000000
381.206134 310.236091 0.000000
376.213267 289.907989 0.000000
484.629815 214.480029 0.000000
448.609843 206.277461 0.000000
452.889444 194.151926 0.000000
455.742511 218.402996 0.000000
434.701141 220.186163 0.000000
400.820970 250.856633 0.000000
344.116262 226.248930 0.000000
347.325963 216.976462 0.000000
316.655492 200.927960 0.000000
315.228959 236.591298 0.000000
323.074893 241.940799 0.000000
329.494294 246.577033 0.000000
286.341655 193.082026 0.000000
288.838088 157.418688 0.000000
257.097718 172.040656 0.000000
277.069187 178.103424 0.000000
185.414408 163.528943 0.000000
201.462910 149.976874 0.000000
239.622682 146.767174 0.000000
117.654066 262.763250 0.000000
49.893723 254.560682 0.000000
37.768188 248.854548 0.000000
84.665478 216.619829 0.000000
69.686876 186.305991 0.000000
93.224679 194.151926 0.000000
108.203281 208.417261 0.000000
132.454351 193.438659 0.000000
134.950785 183.452924 0.000000
124.608417 170.970756 0.000000
126.748217 164.194722 0.000000
113.909415 160.271755 0.000000
97.504280 159.915121 0.000000
88.945078 173.467190 0.000000
79.315977 148.502853 0.000000
144.223252 166.691155 0.000000
154.565621 197.361626 0.000000
177.390157 198.788160 0.000000
198.074893 201.284593 0.000000
239.800999 212.413359 0.000000
254.422967 216.692960 0.000000
294.009272 222.042461 0.000000
409.736805 185.282154 0.000000
402.960770 197.051056 0.000000
417.582739 206.680157 0.000000
13.160485 189.159058 0.000000
36.341655 210.557061 0.000000
47.397290 182.383024 0.000000
44.900856 167.761056 0.000000
12.803852 131.741084 0.000000
11.020685 117.119116 0.000000
66.298859 122.825250 0.000000
56.669757 101.070613 0.000000
54.886591 91.084879 0.000000
32.418688 90.371612 0.000000
96.612696 115.157632 0.000000
104.458631 104.101997 0.000000
100.535663 79.494294 0.000000
128.709700 77.354494 0.000000
128.709700 68.082026 0.000000
123.360200 58.809558 0.000000
57.026391 52.390157 0.000000
51.320257 66.298859 0.000000
42.047789 62.732525 0.000000
28.139087 70.578459 0.000000
15.300285 41.691155 0.000000
5.671184 26.355920 0.000000
20.293153 11.377318 0.000000
88.766762 33.488588 0.000000
67.368759 28.495720 0.000000
62.375892 37.411555 0.000000
39.551355 4.957917 0.000000
98.395863 12.447218 0.000000
156.527104 33.845221 0.000000
150.820970 10.664051 0.000000
194.330243 42.047789 0.000000
187.910842 47.397290 0.000000
193.260342 20.293153 0.000000
213.231812 24.572753 0.000000
218.937946 39.907989 0.000000
231.776748 35.985021 0.000000
235.343081 50.963623 0.000000
246.042083 49.180456 0.000000
310.949358 35.628388 0.000000
294.544223 31.705421 0.000000
270.649786 20.293153 0.000000
265.300285 13.160485 0.000000
287.054922 16.726819 0.000000
326.997860 3.888017 0.000000
244.972183 75.571327 0.000000
258.880884 69.865193 0.000000
97.665301 50.363388 0.000000
110.301913 66.756831 0.000000
87.760929 78.710383 0.000000
144.124176 101.251366 0.000000
390.356557 232.057377 0.000000
353.471311 208.491803 0.000000
427.583333 259.379781 0.000000
429.974044 287.043716 0.000000
459.687158 316.415301 0.000000
472.665301 324.953552 0.000000
484.960383 322.904372 0.000000
249.987705 346.811475 0.000000
386.599727 129.939891 0.000000
364.656421 126.353825 0.000000
387.709699 171.777322 0.000000
386.855874 140.015027 0.000000
290.715164 39.946721 0.000000
264.417350 47.972678 0.000000
306.254781 56.681694 0.000000
419.728142 12.795082 0.000000
470.189208 88.614754 0.000000
487.948770 85.882514 0.000000
479.581284 94.079235 0.000000
467.627732 94.250000 0.000000
453.966530 113.717213 0.000000
198.416667 113.887978 0.000000
187.146175 122.426230 0.000000
163.239071 129.939891 0.000000
251.695355 103.642077 0.000000
221.299180 94.762295 0.000000
161.531421 253.915301 0.000000
198.758197 264.844262 0.000000
117.132514 186.633880 0.000000
365.937158 365.937158 0.000000
367.303279 392.576503 0.000000
359.106557 383.013661 0.000000
304.803279 447.904372 0.000000
