45.400722 47.205776 2.000000
21.483755 63.000000 2.000000
21.032491 81.953069 2.000000
31.411552 101.808664 2.000000
64.805054 86.916968 2.000000
90.075812 85.111913 2.000000
108.577617 76.989170 2.000000
113.090253 86.916968 2.000000
153.703971 84.209386 2.000000
105.797293 160.829558 2.000000
109.028881 182.584838 2.000000
72.214531 190.161688 2.000000
8.418999 148.288809 2.000000
92.332130 202.891697 2.000000
155.057762 233.126354 2.000000
180.328520 229.516245 2.000000
185.743682 191.158845 2.000000
172.205776 191.158845 2.000000
148.288809 173.108303 2.000000
153.703971 150.545126 2.000000
203.342960 160.472924 2.000000
232.223827 179.877256 2.000000
233.126354 192.512635 2.000000
229.064982 114.895307 2.000000
183.036101 122.566787 2.000000
183.487365 82.404332 2.000000
198.830325 88.270758 2.000000
167.241877 78.794224 2.000000
186.194946 97.296029 2.000000
200.184116 64.805054 2.000000
172.657040 8.397112 2.000000
250.536371 152.612184 2.000000
264.714801 174.462094 2.000000
283.216606 155.509025 2.000000
305.328520 140.617329 2.000000
298.559567 154.155235 2.000000
314.805054 150.545126 2.000000
326.989170 118.505415 2.000000
284.119134 102.259928 2.000000
346.600639 96.625298 0.000000
415.888087 271.483755 2.000000
384.002610 37.656499 2.000000
489.430905 12.007220 2.000000
467.864885 95.942238 2.000000
422.833161 116.198242 2.000000
372.553648 116.700361 2.000000
359.918269 136.104693 2.000000
368.281129 145.486597 2.000000
406.471156 158.667870 2.000000
428.059063 170.400722 2.000000
442.950760 170.851986 2.000000
451.291733 156.957446 2.000000
438.889388 127.530686 2.000000
452.427294 131.592058 2.000000
465.965201 104.516245 2.000000
37.277978 135.653430 3.000000
86.014440 110.382671 3.000000
115.797834 104.064982 3.000000
74.281588 153.252708 3.000000
81.953069 162.729242 3.000000
91.429603 168.144404 3.000000
113.992780 156.862816 3.000000
60.292419 197.927798 3.000000
37.918502 198.022428 3.000000
13.717644 186.267689 3.000000
57.133574 219.137184 3.000000
68.866426 228.613718 3.000000
98.198556 220.490975 3.000000
115.797834 220.039711 3.000000
107.675090 236.285199 3.000000
123.920578 236.285199 3.000000
137.458484 238.090253 3.000000
210.301174 212.440974 3.000000
187.548736 205.148014 3.000000
184.841155 215.527076 3.000000
243.505415 86.916968 3.000000
269.038177 136.104693 3.000000
269.227437 191.610108 3.000000
284.570397 211.916968 3.000000
280.509025 223.649819 3.000000
280.960289 255.689531 3.000000
244.407942 236.736462 3.000000
312.097473 222.296029 3.000000
301.267148 237.638989 3.000000
311.646209 245.761733 3.000000
318.866426 241.249097 3.000000
343.234657 215.978339 3.000000
355.418773 217.332130 3.000000
366.249097 211.916968 3.000000
407.765343 238.541516 3.000000
424.913357 220.942238 3.000000
443.866426 227.711191 3.000000
449.281588 239.895307 3.000000
433.487365 257.945848 3.000000
432.846841 266.993006 3.000000
412.729242 253.884477 3.000000
319.962952 33.997070 0.000000
333.744984 47.205776 3.000000
307.571699 10.653430 3.000000
358.564479 8.397112 3.000000
360.369533 22.630408 0.000000
405.959480 68.646959 0.000000
433.022962 69.317690 3.000000
451.976031 53.072202 3.000000
423.571087 16.971119 0.000000
460.098775 81.050542 3.000000
421.268223 86.844225 3.000000
386.520931 88.816652 3.000000
353.149316 163.180505 3.000000
398.275670 177.169675 3.000000
416.231581 135.158392 3.000000
26.447653 285.021661 3.000000
38.085875 309.011371 3.000000
22.837545 319.768953 3.000000
16.519856 341.880866 3.000000
15.617329 160.924188 4.000000
266.068592 235.382671 4.000000
235.382671 222.747292 4.000000
223.649819 236.285199 4.000000
332.404332 235.382671 4.000000
332.404332 248.018051 4.000000
360.833935 225.003610 4.000000
391.971119 207.855596 4.000000
398.310696 217.972654 4.000000
393.943546 226.524774 4.000000
432.417464 247.188266 4.000000
394.227437 254.335740 4.000000
400.996390 258.848375 4.000000
400.093863 245.310469 4.000000
388.812274 254.787004 4.000000
382.494585 270.581227 4.000000
363.541516 253.884477 4.000000
362.187726 275.093863 4.000000
354.064982 262.458484 4.000000
308.036101 277.350181 4.000000
429.412854 194.768953 4.000000
447.412540 200.206003 4.000000
479.503107 157.314079 4.000000
497.102385 204.245487 4.000000
466.081718 196.122744 4.000000
466.270978 224.384974 4.000000
495.764037 178.072202 4.000000
53.523466 264.263538 4.000000
61.646209 266.519856 4.000000
77.440433 272.837545 4.000000
57.584838 280.960289 4.000000
55.779783 293.144404 4.000000
25.996390 352.711191 4.000000
111.095938 308.370847 4.000000
126.628159 299.010830 4.000000
150.996390 284.570397 4.000000
126.482673 268.827029 4.000000
163.180505 255.689531 4.000000
174.010830 276.447653 4.000000
186.194946 274.642599 4.000000
201.086643 288.180505 4.000000
206.953069 275.996390 4.000000
186.194946 292.693141 4.000000
191.610108 300.815884 4.000000
180.779783 312.097473 4.000000
181.682310 298.108303 4.000000
167.241877 301.267148 4.000000
167.241877 315.707581 4.000000
215.527076 315.707581 4.000000
236.285199 312.548736 4.000000
233.126354 286.375451 4.000000
314.353791 55.779783 4.000000
285.472924 48.108303 4.000000
453.959344 320.043509 0.000000
405.100571 298.645506 0.000000
382.276034 299.715407 0.000000
372.646933 317.190442 0.000000
419.722539 333.238944 0.000000
407.953638 320.043509 0.000000
412.233238 290.799572 0.000000
433.631241 351.783880 0.000000
401.890870 342.154779 0.000000
355.171897 356.063481 0.000000
376.213267 387.803852 0.000000
379.422967 368.902282 0.000000
410.093438 375.321683 0.000000
431.848074 394.936519 0.000000
456.606811 393.479779 0.000000
416.156205 421.149073 0.000000
385.842368 406.883738 0.000000
368.367332 421.505706 0.000000
357.668331 426.141940 0.000000
345.542796 392.618402 0.000000
300.606990 390.835235 0.000000
314.515692 356.241797 0.000000
313.104262 339.715835 0.000000
284.558488 354.458631 0.000000
275.642653 389.765335 0.000000
251.034950 366.584165 0.000000
234.629815 374.073466 0.000000
232.133381 359.094864 0.000000
226.427247 354.101997 0.000000
215.014979 363.017832 0.000000
183.987874 370.150499 0.000000
169.365906 370.507133 0.000000
160.450071 377.283167 0.000000
123.360200 367.654066 0.000000
140.121969 344.472896 0.000000
130.492867 336.626961 0.000000
137.268902 421.149073 0.000000
134.772468 439.694009 0.000000
118.723966 392.261769 0.000000
130.492867 402.960770 0.000000
189.694009 416.512839 0.000000
177.925107 437.554208 0.000000
177.568474 460.735378 0.000000
231.063481 419.365906 0.000000
244.615549 411.163338 0.000000
275.286020 431.848074 0.000000
487.126248 486.056348 0.000000
470.007846 489.266049 0.000000
416.156205 487.482882 0.000000
405.813837 474.287447 0.000000
414.016405 457.525678 0.000000
402.604137 441.477175 0.000000
365.157632 481.420114 0.000000
334.843795 483.916548 0.000000
318.795292 492.475749 0.000000
340.906562 446.826676 0.000000
302.746790 429.708274 0.000000
282.775321 472.147646 0.000000
260.307418 467.154779 0.000000
250.678317 492.832382 0.000000
274.572753 491.762482 0.000000
223.930813 493.545649 0.000000
203.602710 491.049215 0.000000
192.190442 484.273181 0.000000
199.679743 429.708274 0.000000
226.427247 436.484308 0.000000
154.030670 474.287447 0.000000
157.597004 488.552782 0.000000
138.695435 466.441512 0.000000
103.745364 475.357347 0.000000
102.675464 463.588445 0.000000
90.906562 460.735378 0.000000
94.116262 442.903709 0.000000
69.508559 428.995007 0.000000
55.599857 446.470043 0.000000
50.918313 437.508898 0.000000
78.067760 487.482882 0.000000
44.529119 412.740905 0.000000
33.488588 398.324536 0.000000
14.230385 410.806705 0.000000
7.810984 433.987874 0.000000
37.411555 374.073466 0.000000
7.810984 375.143367 0.000000
50.606990 326.641227 0.000000
67.368759 315.942225 0.000000
72.004993 303.103424 0.000000
96.256063 323.431526 0.000000
98.752496 335.557061 0.000000
88.053495 342.689729 0.000000
66.655492 370.863766 0.000000
25.999287 341.263195 0.000000
246.913934 316.073770 0.000000
246.913934 304.120219 0.000000
261.258197 306.510929 0.000000
255.793716 312.316940 0.000000
263.648907 288.068306 0.000000
273.211749 286.360656 0.000000
251.695355 276.114754 0.000000
283.799180 316.073770 0.000000
308.389344 128.232240 0.000000
246.230874 9.721311 0.000000
269.113388 26.114754 0.000000
7.842896 6.989071 0.000000
26.285519 3.915301 0.000000
54.290984 7.330601 0.000000
77.173497 411.019126 0.000000
47.801913 469.420765 0.000000
40.971311 491.278689 0.000000
454.222678 258.013661 0.000000
455.930328 247.426230 0.000000
492.474044 250.158470 0.000000
482.911202 251.866120 0.000000
478.129781 293.532787 0.000000
463.785519 298.314208 0.000000
454.222678 283.286885 0.000000
418.020492 241.961749 0.000000
337.760929 205.076503 0.000000
494.523224 427.412568 0.000000
456.606811 392.796719 0.000000
464.468579 397.699454 0.000000
489.741803 347.153005 0.000000
460.028689 344.420765 0.000000
236.668033 253.573770 0.000000
220.616120 263.819672 0.000000
336.907104 304.461749 0.000000
349.885246 286.702186 0.000000
