5.000000 216.000000 2.000000
7.000000 177.000000 2.000000
8.000000 258.000000 2.000000
11.000000 90.000000 2.000000
13.000000 237.000000 2.000000
23.000000 244.000000 2.000000
32.000000 213.000000 2.000000
33.000000 252.000000 2.000000
48.000000 56.000000 2.000000
51.000000 218.000000 2.000000
71.000000 215.000000 2.000000
83.000000 182.000000 2.000000
99.000000 189.000000 2.000000
122.000000 181.000000 2.000000
127.000000 85.000000 2.000000
130.000000 53.000000 2.000000
131.000000 105.000000 2.000000
144.000000 83.000000 2.000000
150.000000 8.000000 2.000000
154.000000 158.000000 2.000000
168.000000 39.000000 2.000000
204.000000 136.000000 2.000000
215.000000 56.000000 2.000000
239.488036 115.889955 2.000000
241.000000 8.000000 2.000000
248.000000 27.000000 2.000000
259.000000 103.000000 2.000000
271.000000 77.000000 2.000000
275.000000 90.511964 2.000000
304.000000 81.000000 2.000000
350.000000 63.000000 2.000000
374.000000 9.000000 2.000000
387.000000 48.000000 2.000000
398.000000 46.000000 2.000000
417.000000 40.000000 2.000000
423.000000 8.000000 2.000000
425.000000 28.000000 2.000000
442.000000 12.000000 2.000000
461.000000 9.000000 2.000000
40.000000 107.000000 3.000000
69.000000 287.000000 3.000000
220.000000 77.000000 3.000000
192.000000 103.000000 4.000000
