13.361011 14.714801 2.000000
22.386282 26.898917 2.000000
56.682310 38.180505 2.000000
111.059567 40.662455 2.000000
127.305054 46.077617 2.000000
139.940433 5.463899 2.000000
153.478339 4.561372 2.000000
202.884294 27.124549 2.000000
152.364665 117.377256 2.000000
135.427798 130.915162 2.000000
124.597473 112.864621 2.000000
79.471119 144.453069 2.000000
53.297834 162.503610 2.000000
87.593863 165.211191 2.000000
37.721839 144.285696 2.000000
22.779286 106.146524 2.000000
175.874143 137.567598 2.000000
138.113492 159.104649 2.000000
182.359206 179.651625 2.000000
173.333935 207.629964 2.000000
113.010107 204.922383 2.000000
33.442238 215.752708 2.000000
68.640794 237.391470 2.000000
89.398917 209.435018 2.000000
98.424188 238.315884 2.000000
133.790117 243.141379 2.000000
136.519585 255.587497 2.000000
170.458981 235.251670 2.000000
212.142599 206.727437 2.000000
217.557762 177.846570 2.000000
225.680505 157.088448 2.000000
279.620982 108.875992 2.000000
301.281632 120.987365 2.000000
244.414107 74.519550 0.000000
285.955012 26.416829 0.000000
298.785199 8.171480 2.000000
303.980894 77.860873 0.000000
347.521661 104.741877 2.000000
379.110108 70.445848 2.000000
404.380866 65.933213 2.000000
419.156046 98.547786 2.000000
421.383395 34.344765 2.000000
415.211191 10.879061 2.000000
446.799639 12.684116 2.000000
168.821300 275.319495 2.000000
120.987365 269.001805 2.000000
70.079659 289.174272 0.000000
56.322286 304.980825 0.000000
23.514440 312.323105 2.000000
179.651625 106.546931 2.000000
54.200361 482.033152 2.000000
23.514440 472.105354 2.000000
59.615523 464.885138 2.000000
114.669675 464.885138 2.000000
150.559611 424.693715 2.000000
176.878382 408.025932 2.000000
201.312274 394.488026 2.000000
212.142599 374.632430 2.000000
255.463899 380.950120 2.000000
298.785199 482.033152 2.000000
263.586643 465.787665 2.000000
80.373646 370.119795 2.000000
41.589641 384.901758 0.000000
9.074007 394.488026 2.000000
12.684116 354.776835 2.000000
53.956235 318.334221 0.000000
54.858762 326.334902 0.000000
94.100813 307.154047 2.000000
78.466881 331.689651 2.000000
102.938196 413.018120 2.000000
97.523033 434.678770 2.000000
23.515813 416.628229 2.000000
400.772131 400.382741 2.000000
125.500000 14.489170 3.000000
190.627435 47.860784 3.000000
184.499006 67.359747 3.000000
152.575812 60.518051 3.000000
78.568592 179.651625 3.000000
22.928784 199.409816 0.000000
28.343947 187.871772 0.000000
19.001805 138.135379 3.000000
200.387860 123.505686 3.000000
185.590793 154.592014 3.000000
57.220801 224.232085 3.000000
219.362816 129.110108 3.000000
247.365814 55.127547 0.000000
397.160650 27.124549 3.000000
228.388087 269.904332 3.000000
189.579422 273.514440 3.000000
80.373646 268.099278 3.000000
141.745487 291.564982 3.000000
347.521661 252.756318 3.000000
333.081227 309.615523 3.000000
316.835740 289.759928 3.000000
426.041516 182.359206 3.000000
377.305054 204.019856 3.000000
217.557762 473.932296 3.000000
207.586189 463.436717 3.000000
115.572202 371.924849 3.000000
146.259495 397.675160 3.000000
440.483322 425.653500 3.000000
7.159836 188.683060 0.000000
27.993169 177.071038 0.000000
8.867486 237.863388 0.000000
10.575137 228.983607 0.000000
97.323770 366.278689 0.000000
158.457650 344.079235 0.000000
148.894809 343.737705 0.000000
17.405738 435.609290 0.000000
203.539617 318.464481 0.000000
219.250000 353.983607 0.000000
184.755464 301.729508 0.000000
94.933060 269.930391 0.000000
427.924863 123.109290 0.000000
469.933060 194.147541 0.000000
457.979508 23.382514 0.000000
306.287721 222.983146 0.000000
294.354247 364.912568 0.000000
313.821460 389.161202 0.000000
443.464481 380.964481 0.000000
478.983607 430.144809 0.000000
498.792350 389.161202 0.000000
274.236339 459.516393 0.000000
248.963115 458.491803 0.000000
356.545082 289.092896 0.000000
307.706284 252.890710 0.000000
83.491803 464.980874 0.000000
201.148907 305.486339 0.000000
172.460383 318.122951 0.000000
171.777322 347.153005 0.000000
386.941257 467.030055 0.000000
389.331967 428.778689 0.000000
354.666667 494.352459 0.000000
