148.782695 181.477543 2.000000
96.603038 159.680978 2.000000
79.429987 172.891017 2.000000
171.900264 71.834214 2.000000
95.777411 116.087847 2.000000
410.341480 33.194848 2.000000
419.918758 46.735139 2.000000
172.891017 197.164465 2.000000
168.267503 204.429987 2.000000
110.968956 383.426024 2.000000
108.657199 424.707398 2.000000
8.524251 15.656919 3.000000
38.481455 39.907989 3.000000
22.789586 50.250357 3.000000
69.865193 72.004993 3.000000
328.769485 60.605680 3.000000
327.778732 79.429987 3.000000
108.657199 446.173712 3.000000
219.126156 251.325627 4.000000
111.629458 462.356011 4.000000
93.908470 177.412568 0.000000
169.728142 117.644809 0.000000
96.299180 87.931694 0.000000
341.517760 237.180328 0.000000
458.662568 222.153005 0.000000
460.028689 207.125683 0.000000
252.378415 15.868852 0.000000
291.995902 55.144809 0.000000
319.318306 64.707650 0.000000
