2.000000 221.000000 2.000000
17.000000 153.000000 2.000000
19.000000 19.000000 2.000000
26.000000 211.000000 2.000000
36.000000 178.000000 2.000000
42.000000 126.000000 2.000000
48.000000 197.000000 2.000000
56.000000 126.000000 2.000000
64.000000 183.000000 2.000000
67.000000 171.000000 2.000000
74.000000 105.000000 2.000000
91.000000 107.000000 2.000000
94.000000 143.000000 2.000000
99.000000 163.000000 2.000000
100.000000 84.000000 2.000000
102.000000 133.000000 2.000000
124.000000 144.000000 2.000000
136.000000 35.000000 2.000000
144.000000 64.000000 2.000000
145.000000 117.000000 2.000000
152.000000 103.000000 2.000000
153.000000 61.000000 2.000000
168.000000 78.000000 2.000000
174.000000 5.000000 2.000000
212.000000 22.000000 2.000000
2.000000 103.000000 3.000000
13.497739 177.744347 3.000000
53.000000 78.000000 3.000000
110.000000 59.000000 3.000000
110.000000 228.000000 4.000000
222.000000 80.000000 4.000000
