7.083516 435.659141 1.000000
3.000000 151.000000 1.000000
3.000000 343.000000 1.000000
12.189610 459.106094 1.000000
6.000000 495.000000 1.000000
16.954845 482.318282 1.000000
9.000000 140.000000 1.000000
18.401798 286.916484 1.000000
13.659141 167.916484 1.000000
15.318282 414.000000 1.000000
17.424375 126.424375 1.000000
15.000000 203.000000 1.000000
5.939061 264.446953 1.000000
18.000000 92.000000 1.000000
27.401798 428.106094 1.000000
19.000000 305.000000 1.000000
23.000000 180.000000 1.000000
25.000000 321.000000 1.000000
28.000000 79.000000 1.000000
28.000000 148.000000 1.000000
29.000000 119.000000 1.000000
37.636563 473.000000 1.000000
33.000000 403.000000 1.000000
33.000000 492.000000 1.000000
34.000000 296.000000 1.000000
30.128671 453.681718 1.000000
33.469531 95.340859 1.000000
39.000000 317.000000 1.000000
41.000000 262.000000 1.000000
41.000000 279.000000 1.000000
40.234765 421.340859 1.000000
45.000000 304.000000 1.000000
45.000000 447.000000 1.000000
58.060939 400.553047 1.000000
48.000000 432.000000 1.000000
49.000000 134.000000 1.000000
42.810390 110.681718 1.000000
55.424375 37.893906 1.000000
52.000000 87.000000 1.000000
53.000000 158.000000 1.000000
53.553047 380.575625 1.000000
58.000000 63.000000 1.000000
60.106094 276.424375 1.000000
65.871329 24.659141 1.000000
64.000000 136.000000 1.000000
65.000000 218.000000 1.000000
67.000000 481.000000 1.000000
69.000000 254.000000 1.000000
70.000000 95.000000 1.000000
75.424375 277.893906 1.000000
76.977422 227.893906 1.000000
74.000000 426.000000 1.000000
78.000000 243.000000 1.000000
80.212188 395.598202 1.000000
78.000000 441.000000 1.000000
78.000000 462.000000 1.000000
73.469531 36.916484 1.000000
79.000000 114.000000 1.000000
80.000000 5.000000 1.000000
80.000000 215.000000 1.000000
80.000000 351.000000 1.000000
84.318282 370.871329 1.000000
85.000000 23.000000 1.000000
85.000000 94.000000 1.000000
86.000000 201.000000 1.000000
86.000000 261.000000 1.000000
86.000000 331.000000 1.000000
89.659141 298.295704 1.000000
90.000000 246.000000 1.000000
92.000000 319.000000 1.000000
92.000000 440.000000 1.000000
94.000000 79.000000 1.000000
96.000000 12.000000 1.000000
97.000000 269.000000 1.000000
95.234765 224.424375 1.000000
101.000000 239.000000 1.000000
102.000000 253.000000 1.000000
105.000000 2.000000 1.000000
106.000000 287.000000 1.000000
106.000000 339.000000 1.000000
107.000000 29.000000 1.000000
107.000000 55.000000 1.000000
107.000000 99.000000 1.000000
107.000000 199.000000 1.000000
107.000000 361.000000 1.000000
107.000000 407.000000 1.000000
108.000000 392.000000 1.000000
112.000000 38.000000 1.000000
112.000000 277.000000 1.000000
113.000000 263.000000 1.000000
113.000000 327.000000 1.000000
114.000000 207.000000 1.000000
115.000000 64.000000 1.000000
115.000000 311.000000 1.000000
117.000000 22.000000 1.000000
117.000000 181.000000 1.000000
117.000000 301.000000 1.000000
117.000000 374.000000 1.000000
118.000000 220.000000 1.000000
118.000000 288.000000 1.000000
120.000000 193.000000 1.000000
122.000000 266.000000 1.000000
129.083516 319.893906 1.000000
126.765235 5.765235 1.000000
125.000000 166.000000 1.000000
123.340859 337.469531 1.000000
126.000000 362.000000 1.000000
127.000000 391.000000 1.000000
130.000000 198.000000 1.000000
130.000000 269.000000 1.000000
133.000000 151.000000 1.000000
133.000000 186.000000 1.000000
133.000000 257.000000 1.000000
133.000000 305.000000 1.000000
134.000000 175.000000 1.000000
134.000000 478.000000 1.000000
135.000000 345.000000 1.000000
137.000000 207.000000 1.000000
139.000000 60.000000 1.000000
143.000000 132.000000 1.000000
143.000000 493.000000 1.000000
144.000000 74.000000 1.000000
145.000000 330.000000 1.000000
146.000000 157.000000 1.000000
146.000000 196.000000 1.000000
147.000000 319.000000 1.000000
148.000000 309.000000 1.000000
142.810390 39.893906 1.000000
150.000000 265.000000 1.000000
146.022578 7.977422 1.000000
153.212188 174.363437 1.000000
151.000000 213.000000 1.000000
151.000000 456.000000 1.000000
157.000000 155.000000 1.000000
158.000000 253.000000 1.000000
148.045155 288.022578 1.000000
159.000000 197.000000 1.000000
160.000000 183.000000 1.000000
163.000000 216.000000 1.000000
163.000000 277.000000 1.000000
156.257343 230.000000 1.000000
163.893906 37.212188 1.000000
167.106094 5.318282 1.000000
171.530469 23.659141 1.000000
164.340859 430.530469 1.000000
171.000000 211.000000 1.000000
172.000000 267.000000 1.000000
176.000000 223.000000 1.000000
178.106094 455.916484 1.000000
178.000000 54.000000 1.000000
180.000000 251.000000 1.000000
180.000000 393.000000 1.000000
182.000000 92.000000 1.000000
180.128671 233.787812 1.000000
187.000000 46.000000 1.000000
188.000000 371.000000 1.000000
189.000000 85.000000 1.000000
190.553047 343.318282 1.000000
193.000000 196.000000 1.000000
193.000000 443.000000 1.000000
193.000000 495.000000 1.000000
195.000000 184.000000 1.000000
202.000000 326.000000 1.000000
203.000000 2.000000 1.000000
203.000000 187.000000 1.000000
204.000000 205.000000 1.000000
205.000000 85.000000 1.000000
207.000000 414.000000 1.000000
208.000000 385.000000 1.000000
211.000000 197.000000 1.000000
217.083516 399.106094 1.000000
211.000000 454.000000 1.000000
211.000000 492.000000 1.000000
212.000000 65.000000 1.000000
214.000000 441.000000 1.000000
215.000000 14.000000 1.000000
217.000000 162.000000 1.000000
213.022578 302.363437 1.000000
219.000000 148.000000 1.000000
219.000000 283.000000 1.000000
223.977422 381.848751 1.000000
220.000000 93.000000 1.000000
221.000000 130.000000 1.000000
222.000000 57.000000 1.000000
219.681718 355.000000 1.000000
230.871329 338.530469 1.000000
228.000000 69.000000 1.000000
235.083516 428.765235 1.000000
231.000000 84.000000 1.000000
232.000000 133.000000 1.000000
228.128671 469.257343 1.000000
235.000000 38.000000 1.000000
237.000000 94.000000 1.000000
239.000000 63.000000 1.000000
245.083516 269.000000 1.000000
243.871329 311.469531 1.000000
241.000000 369.000000 1.000000
244.000000 23.000000 1.000000
250.083516 384.340859 1.000000
245.000000 8.000000 1.000000
250.000000 33.000000 1.000000
251.000000 112.000000 1.000000
251.000000 240.000000 1.000000
254.318282 328.848751 1.000000
254.000000 120.000000 1.000000
255.000000 61.000000 1.000000
258.000000 79.000000 1.000000
260.765235 302.363437 1.000000
261.000000 249.000000 1.000000
262.000000 42.000000 1.000000
266.000000 362.000000 1.000000
267.000000 149.000000 1.000000
267.000000 236.000000 1.000000
267.000000 274.000000 1.000000
268.000000 58.000000 1.000000
268.000000 108.000000 1.000000
269.000000 225.000000 1.000000
272.000000 35.000000 1.000000
272.000000 115.000000 1.000000
267.916484 339.106094 1.000000
275.000000 19.000000 1.000000
277.000000 70.000000 1.000000
280.000000 107.000000 1.000000
285.424375 275.977422 1.000000
282.000000 318.000000 1.000000
283.000000 136.000000 1.000000
283.000000 219.000000 1.000000
285.000000 91.000000 1.000000
286.000000 203.000000 1.000000
288.000000 120.000000 1.000000
288.000000 241.000000 1.000000
288.000000 336.000000 1.000000
300.060939 261.318282 1.000000
290.000000 26.000000 1.000000
291.000000 61.000000 1.000000
291.000000 300.000000 1.000000
292.000000 2.000000 1.000000
297.000000 79.000000 1.000000
298.000000 40.000000 1.000000
298.000000 310.000000 1.000000
299.000000 110.000000 1.000000
306.000000 27.000000 1.000000
306.000000 187.000000 1.000000
306.000000 291.000000 1.000000
307.000000 321.000000 1.000000
311.000000 108.000000 1.000000
311.000000 207.000000 1.000000
315.000000 308.000000 1.000000
311.575625 226.022578 1.000000
318.000000 37.000000 1.000000
318.000000 173.000000 1.000000
319.000000 6.000000 1.000000
325.083516 328.659141 1.000000
320.000000 219.000000 1.000000
321.000000 197.000000 1.000000
322.000000 180.000000 1.000000
322.000000 243.000000 1.000000
325.000000 100.000000 1.000000
329.000000 299.000000 1.000000
330.000000 52.000000 1.000000
330.000000 264.000000 1.000000
331.000000 232.000000 1.000000
333.000000 2.000000 1.000000
336.000000 285.000000 1.000000
337.000000 165.000000 1.000000
338.000000 79.000000 1.000000
340.000000 191.000000 1.000000
340.000000 214.000000 1.000000
340.000000 313.000000 1.000000
341.000000 256.000000 1.000000
343.000000 69.000000 1.000000
345.000000 3.000000 1.000000
346.000000 243.000000 1.000000
349.106094 288.083516 1.000000
351.000000 204.000000 1.000000
354.000000 221.000000 1.000000
354.000000 318.000000 1.000000
357.000000 13.000000 1.000000
360.000000 179.000000 1.000000
361.106094 243.810390 1.000000
361.000000 2.000000 1.000000
364.000000 157.000000 1.000000
370.000000 265.000000 1.000000
372.000000 309.000000 1.000000
373.000000 168.000000 1.000000
374.000000 227.000000 1.000000
374.000000 298.000000 1.000000
377.000000 186.000000 1.000000
379.000000 279.000000 1.000000
381.000000 149.000000 1.000000
382.000000 250.000000 1.000000
384.000000 121.000000 1.000000
386.000000 239.000000 1.000000
387.000000 288.000000 1.000000
389.000000 207.000000 1.000000
390.000000 195.000000 1.000000
391.000000 99.000000 1.000000
395.000000 75.000000 1.000000
398.000000 271.000000 1.000000
396.234765 217.977422 1.000000
399.000000 253.000000 1.000000
400.000000 152.000000 1.000000
404.000000 59.000000 1.000000
404.000000 106.000000 1.000000
405.000000 238.000000 1.000000
406.000000 45.000000 1.000000
406.000000 181.000000 1.000000
407.000000 129.000000 1.000000
409.000000 75.000000 1.000000
409.000000 205.000000 1.000000
409.000000 302.000000 1.000000
412.659141 156.977422 1.000000
407.623311 498.649324 1.000000
416.000000 196.000000 1.000000
416.000000 228.000000 1.000000
420.000000 320.000000 1.000000
421.000000 297.000000 1.000000
422.000000 119.000000 1.000000
426.701812 485.763179 1.000000
423.000000 138.000000 1.000000
418.469531 24.553047 1.000000
428.000000 52.000000 1.000000
429.000000 2.000000 1.000000
426.787812 88.871329 1.000000
430.000000 127.000000 1.000000
433.000000 109.000000 1.000000
435.000000 322.000000 1.000000
438.000000 23.000000 1.000000
441.000000 37.000000 1.000000
441.000000 50.000000 1.000000
443.000000 79.000000 1.000000
445.000000 102.000000 1.000000
448.000000 283.000000 1.000000
445.575625 65.446953 1.000000
459.083516 12.446953 1.000000
456.701351 382.649324 1.000000
455.000000 57.000000 1.000000
467.640444 355.000000 1.000000
459.649094 431.710462 1.000000
463.000000 410.000000 1.000000
467.114085 477.587726 1.000000
472.228170 286.824547 1.000000
466.763179 269.061368 1.000000
465.000000 323.000000 1.000000
455.096262 455.833888 1.000000
461.298188 294.885915 1.000000
467.000000 32.000000 1.000000
460.921959 494.298649 1.000000
471.000000 163.000000 1.000000
472.000000 253.000000 1.000000
475.000000 4.000000 1.000000
475.000000 52.000000 1.000000
476.000000 189.000000 1.000000
476.000000 446.000000 1.000000
477.000000 23.000000 1.000000
481.701812 311.587726 1.000000
477.000000 405.000000 1.000000
478.000000 343.000000 1.000000
481.350906 323.763179 1.000000
471.184103 463.122736 1.000000
480.824547 277.236821 1.000000
483.000000 155.000000 1.000000
489.464991 209.824547 1.000000
483.000000 225.000000 1.000000
482.236821 433.947283 1.000000
488.000000 183.000000 1.000000
488.000000 253.000000 1.000000
493.289538 355.114085 1.000000
488.587726 407.809585 1.000000
492.526359 451.412274 1.000000
492.763179 269.587726 1.000000
491.000000 387.000000 1.000000
489.298188 197.587726 1.000000
488.710462 238.175453 1.000000
494.324662 466.947973 1.000000
498.000000 341.000000 1.000000
491.359556 485.061368 1.000000
64.000000 2.000000 2.000000
244.000000 500.000000 2.000000
274.000000 457.000000 2.000000
288.324662 447.649324 2.000000
291.000000 492.000000 2.000000
294.000000 466.000000 2.000000
302.000000 422.000000 2.000000
303.675338 491.623311 2.000000
312.000000 440.000000 2.000000
328.000000 434.000000 2.000000
338.000000 401.000000 2.000000
338.000000 448.000000 2.000000
353.000000 377.000000 2.000000
353.000000 424.000000 2.000000
355.000000 468.000000 2.000000
359.000000 479.000000 2.000000
366.000000 469.000000 2.000000
367.000000 399.000000 2.000000
369.000000 346.000000 2.000000
371.000000 482.000000 2.000000
374.000000 383.000000 2.000000
376.000000 419.000000 2.000000
380.000000 404.000000 2.000000
381.000000 369.000000 2.000000
395.000000 364.000000 2.000000
396.000000 384.000000 2.000000
400.000000 326.000000 2.000000
409.000000 357.000000 2.000000
426.330086 349.009742 2.000000
450.000000 345.000000 2.000000
199.000000 76.000000 3.000000
314.000000 410.000000 3.000000
344.669914 384.009742 3.000000
353.000000 337.000000 3.000000
423.669914 371.009742 3.000000
190.000000 133.000000 4.000000
227.000000 169.000000 4.000000
239.000000 179.000000 4.000000
247.000000 145.000000 4.000000
260.000000 170.000000 4.000000
281.000000 183.000000 4.000000
385.000000 65.000000 4.000000
51.000000 234.000000 4.000000
192.000000 217.000000 4.000000
212.000000 38.000000 4.000000
319.000000 69.000000 4.000000
