281.401453 26.447653 1.000000
275.986291 10.202166 1.000000
261.094594 24.191336 1.000000
255.679431 34.119134 1.000000
261.997121 42.693141 1.000000
274.181237 43.144404 1.000000
290.877987 36.826715 1.000000
284.109034 56.231047 1.000000
265.155966 58.938628 1.000000
255.679431 92.783394 1.000000
270.571128 96.393502 1.000000
261.997121 77.440433 1.000000
282.755244 69.768953 1.000000
289.072933 82.404332 1.000000
300.354522 74.732852 1.000000
320.210117 62.548736 1.000000
318.856327 93.234657 1.000000
311.184847 103.162455 1.000000
331.942969 83.758123 1.000000
343.224558 59.841155 1.000000
339.614450 65.256318 1.000000
328.332861 51.718412 1.000000
331.942969 38.631769 1.000000
354.957410 39.083032 1.000000
359.018782 52.169675 1.000000
363.080154 34.119134 1.000000
258.837639 195.389821 1.000000
264.704065 185.913286 1.000000
238.982043 182.303178 1.000000
233.566881 192.682239 1.000000
210.189403 173.013229 1.000000
202.429697 186.364550 1.000000
222.736556 152.068521 1.000000
248.458578 169.667799 1.000000
254.776267 157.934947 1.000000
221.382765 97.916896 1.000000
224.992874 87.086571 1.000000
212.808758 102.880795 1.000000
210.101177 121.382600 1.000000
202.429697 133.566716 1.000000
197.642250 146.532346 1.000000
191.148108 155.227366 1.000000
182.122837 175.985488 1.000000
177.610202 191.328449 1.000000
166.328614 226.978268 1.000000
164.072296 247.736391 1.000000
180.317783 254.505344 1.000000
172.646303 295.570326 1.000000
165.877350 300.082961 1.000000
154.595762 308.205705 1.000000
187.989263 286.996319 1.000000
203.783487 264.433142 1.000000
58.036101 53.072202 2.000000
58.487365 61.646209 2.000000
77.440433 55.779783 2.000000
81.050542 44.949458 2.000000
55.328520 21.032491 2.000000
129.335740 26.898917 2.000000
131.592058 41.790614 2.000000
140.166065 48.108303 2.000000
157.314079 31.862816 2.000000
185.743682 23.740072 2.000000
181.682310 17.422383 2.000000
184.389892 2.530686 2.000000
225.906137 9.750903 2.000000
201.086643 43.144404 2.000000
197.927798 41.790614 2.000000
195.671480 66.610108 2.000000
161.375451 77.891697 2.000000
155.057762 68.415162 2.000000
146.935018 62.097473 2.000000
130.689531 58.036101 2.000000
129.335740 72.025271 2.000000
135.653430 87.368231 2.000000
97.747292 86.916968 2.000000
103.613718 65.256318 2.000000
104.967509 31.411552 2.000000
128.884477 118.505415 2.000000
174.913357 95.942238 2.000000
169.949458 129.787004 2.000000
137.458484 163.631769 2.000000
122.115523 167.693141 2.000000
130.986995 187.097473 2.000000
110.382671 187.097473 2.000000
51.267148 133.397112 2.000000
23.288809 178.072202 2.000000
39.985560 173.559567 2.000000
48.559567 202.440433 2.000000
57.133574 198.830325 2.000000
65.256318 149.642599 2.000000
243.043415 235.552275 2.000000
283.205870 203.512564 2.000000
321.563271 240.064911 2.000000
337.357495 201.707510 2.000000
350.444137 175.534225 2.000000
345.028975 162.447582 2.000000
252.756318 416.564982 2.000000
260.879061 396.709386 2.000000
198.604693 385.879061 2.000000
190.481949 381.366426 2.000000
178.749097 410.247292 2.000000
134.525271 421.077617 2.000000
128.207581 429.200361 2.000000
126.402527 415.662455 2.000000
114.669675 428.297834 2.000000
116.474729 438.225632 2.000000
114.669675 460.788809 2.000000
93.009025 474.326715 2.000000
333.081227 486.962094 2.000000
353.090622 458.807303 2.000000
209.209386 485.382671 2.000000
227.259928 469.137184 2.000000
203.342960 464.173285 2.000000
442.086522 294.064863 2.000000
429.451143 304.443925 2.000000
415.010710 310.761614 2.000000
459.685800 311.212878 2.000000
472.772442 296.321181 2.000000
476.712802 277.335326 2.000000
124.823105 36.375451 3.000000
113.090253 72.927798 3.000000
108.577617 91.880866 3.000000
18.776173 128.884477 3.000000
25.996390 115.797834 3.000000
246.615080 426.734805 3.000000
411.512857 375.774812 3.000000
430.353670 289.948052 3.000000
427.646089 276.014322 3.000000
399.216486 326.104575 3.000000
396.871942 336.990339 3.000000
235.382671 137.007220 4.000000
192.725392 204.137660 0.000000
159.915121 269.044936 0.000000
182.383024 210.200428 0.000000
158.845221 285.450071 0.000000
220.186163 243.010699 0.000000
208.773894 235.878031 0.000000
208.773894 254.422967 0.000000
231.241797 210.200428 0.000000
226.605563 220.542796 0.000000
247.290300 208.060628 0.000000
263.695435 175.934181 0.000000
271.184736 164.521913 0.000000
274.751070 150.969844 0.000000
278.317404 131.711642 0.000000
471.077746 243.080269 0.000000
472.504280 208.130197 0.000000
83.417261 110.343081 0.000000
78.067760 88.588445 0.000000
58.096291 82.882311 0.000000
42.761056 97.147646 0.000000
27.069187 82.169044 0.000000
48.467190 73.966476 0.000000
3.174750 101.427247 0.000000
11.020685 135.664051 0.000000
11.020685 218.046362 0.000000
28.139087 242.654066 0.000000
33.131954 215.193295 0.000000
109.451498 248.083346 0.000000
116.584165 194.231705 0.000000
75.214693 338.771273 0.000000
120.507133 329.142172 0.000000
94.472896 313.806936 0.000000
76.997860 296.331901 0.000000
74.144793 289.912500 0.000000
67.725392 283.493099 0.000000
65.585592 275.647165 0.000000
46.327389 279.926765 0.000000
34.558488 277.430332 0.000000
30.992154 273.863998 0.000000
19.579886 38.481455 0.000000
34.558488 311.400492 0.000000
53.816690 319.959693 0.000000
43.117689 332.798495 0.000000
18.509986 316.036726 0.000000
25.999287 298.561690 0.000000
39.907989 369.175100 0.000000
34.558488 370.245000 0.000000
28.139087 365.252133 0.000000
7.810984 373.098067 0.000000
4.957917 367.748566 0.000000
54.886591 385.223602 0.000000
84.843795 370.601633 0.000000
48.110556 406.978238 0.000000
42.761056 404.125171 0.000000
49.537090 414.467539 0.000000
43.117689 437.292076 0.000000
24.929387 444.068110 0.000000
11.020685 428.376241 0.000000
6.384451 460.022111 0.000000
9.950785 495.685449 0.000000
22.789586 495.685449 0.000000
122.290300 467.154779 0.000000
100.892297 407.452166 0.000000
242.475749 83.060628 0.000000
247.468616 71.648359 0.000000
234.986448 63.445792 0.000000
240.335949 51.676890 0.000000
248.895150 44.544223 0.000000
363.374465 21.006419 0.000000
368.010699 15.656919 0.000000
347.325963 26.355920 0.000000
351.605563 12.090585 0.000000
496.398716 9.594151 0.000000
484.629815 6.384451 0.000000
474.287447 11.377318 0.000000
463.945078 8.880884 0.000000
486.056348 39.907989 0.000000
477.853780 51.320257 0.000000
471.791013 50.250357 0.000000
455.029244 61.305991 0.000000
485.343081 50.963623 0.000000
478.567047 70.935093 0.000000
466.441512 77.354494 0.000000
490.335949 63.802425 0.000000
433.631241 61.305991 0.000000
428.995007 81.990728 0.000000
413.303138 105.171897 0.000000
421.149073 113.017832 0.000000
419.009272 123.716833 0.000000
420.079173 129.779601 0.000000
427.568474 113.017832 0.000000
440.050642 98.395863 0.000000
389.408702 131.562767 0.000000
386.555635 144.401569 0.000000
362.661198 167.939372 0.000000
408.666904 173.288873 0.000000
417.582739 150.464337 0.000000
412.589872 146.541369 0.000000
390.121969 164.729672 0.000000
399.394437 187.910842 0.000000
400.820970 193.260342 0.000000
445.845934 7.008559 0.000000
448.164051 11.644793 0.000000
428.905849 31.972896 0.000000
424.804565 43.741797 0.000000
418.206847 41.601997 0.000000
411.787447 45.524964 0.000000
403.763195 41.067047 0.000000
389.141227 39.462197 0.000000
393.420827 61.216833 0.000000
404.833096 61.930100 0.000000
398.948645 77.265335 0.000000
389.141227 83.328103 0.000000
374.965050 80.564194 0.000000
377.104850 67.368759 0.000000
358.916548 74.858060 0.000000
343.224679 101.605563 0.000000
350.357347 100.535663 0.000000
339.301712 123.716833 0.000000
360.699715 125.500000 0.000000
354.636947 125.143367 0.000000
366.049215 133.345934 0.000000
309.344508 130.615386 0.000000
308.987874 143.810821 0.000000
313.980742 159.146056 0.000000
305.421541 215.712100 0.000000
298.645506 222.488134 0.000000
299.002140 210.362599 0.000000
301.141940 192.174296 0.000000
325.036377 192.174296 0.000000
289.373039 213.928933 0.000000
270.828103 228.194268 0.000000
281.883738 239.606536 0.000000
269.758203 269.563740 0.000000
282.597004 266.710673 0.000000
254.779601 289.535209 0.000000
248.716833 292.744910 0.000000
238.017832 283.472442 0.000000
241.940799 269.563740 0.000000
236.591298 265.640773 0.000000
223.039230 289.178576 0.000000
227.318830 272.060174 0.000000
296.149073 277.061114 0.000000
194.151926 341.828300 0.000000
181.669757 347.534434 0.000000
199.144793 307.948129 0.000000
211.626961 313.654263 0.000000
233.381598 319.360397 0.000000
230.528531 314.367530 0.000000
225.535663 309.731296 0.000000
199.501427 366.436004 0.000000
167.404422 381.414606 0.000000
155.992154 384.980939 0.000000
160.985021 401.386075 0.000000
149.572753 375.708471 0.000000
239.444365 374.786733 0.000000
256.206134 344.472896 0.000000
277.247504 345.186163 0.000000
273.681170 361.947932 0.000000
282.240371 361.234665 0.000000
304.351641 339.480029 0.000000
295.079173 337.696862 0.000000
241.227532 393.331669 0.000000
245.507133 399.037803 0.000000
222.325963 418.296006 0.000000
202.711127 427.211840 0.000000
209.487161 424.002140 0.000000
218.046362 432.561341 0.000000
196.648359 447.183310 0.000000
172.753923 451.106277 0.000000
162.054922 452.889444 0.000000
162.054922 479.280314 0.000000
148.502853 494.972183 0.000000
120.685449 494.972183 0.000000
183.809558 481.776748 0.000000
192.725392 481.776748 0.000000
303.638374 486.412981 0.000000
300.072040 482.846648 0.000000
286.163338 498.181883 0.000000
290.086305 475.357347 0.000000
276.890870 481.420114 0.000000
269.401569 483.559914 0.000000
267.975036 465.728245 0.000000
260.129101 456.812411 0.000000
269.401569 449.323110 0.000000
290.799572 436.484308 0.000000
282.953638 436.127675 0.000000
306.134807 418.296006 0.000000
310.414408 416.512839 0.000000
309.701141 390.121969 0.000000
282.953638 391.548502 0.000000
297.575606 382.989301 0.000000
329.672611 404.743937 0.000000
336.805278 407.953638 0.000000
334.665478 430.064907 0.000000
346.077746 410.093438 0.000000
405.992154 417.388989 0.000000
395.293153 402.053753 0.000000
399.216120 389.214952 0.000000
363.196148 407.046621 0.000000
358.559914 405.976721 0.000000
374.251783 375.662883 0.000000
359.986448 378.515950 0.000000
352.497147 384.935351 0.000000
334.308845 375.306250 0.000000
344.651213 367.103682 0.000000
344.294579 342.852612 0.000000
348.574180 343.565879 0.000000
358.203281 338.216378 0.000000
372.111983 335.006678 0.000000
329.315977 336.433211 0.000000
353.388730 301.141940 0.000000
356.241797 287.946505 0.000000
343.402996 295.435806 0.000000
339.836662 286.163338 0.000000
322.004993 284.380171 0.000000
311.305991 312.554208 0.000000
302.746790 307.204708 0.000000
317.725392 267.618402 0.000000
347.325963 257.989301 0.000000
371.220399 281.527104 0.000000
386.912268 266.548502 0.000000
395.828103 303.995007 0.000000
407.240371 286.519971 0.000000
397.254636 286.163338 0.000000
409.736805 268.688302 0.000000
406.527104 263.338802 0.000000
399.394437 261.555635 0.000000
378.709700 255.136234 0.000000
438.624108 239.444365 0.000000
436.484308 232.668331 0.000000
418.652639 237.304565 0.000000
408.666904 237.304565 0.000000
398.324536 238.731098 0.000000
409.380171 214.480029 0.000000
405.813837 201.641227 0.000000
432.561341 222.682596 0.000000
431.848074 207.347361 0.000000
441.833809 195.578459 0.000000
446.470043 205.207561 0.000000
370.150499 204.557453 0.000000
366.227532 197.068152 0.000000
355.171897 209.193687 0.000000
359.451498 219.892688 0.000000
441.120542 177.096682 0.000000
458.238944 169.964015 0.000000
454.672611 180.306383 0.000000
466.798146 189.935484 0.000000
466.798146 179.236483 0.000000
472.860913 157.481846 0.000000
475.357347 161.404814 0.000000
486.056348 147.852745 0.000000
474.644080 140.720077 0.000000
467.154779 124.548107 0.000000
471.434379 128.114441 0.000000
448.609843 102.793471 0.000000
452.889444 110.996039 0.000000
466.084879 97.800603 0.000000
476.783880 96.374070 0.000000
487.839515 103.506738 0.000000
492.475749 114.205739 0.000000
496.398716 130.610875 0.000000
