21.945313 25.996390 1.000000
44.959754 28.252708 1.000000
89.183580 17.422383 1.000000
95.952534 39.534296 1.000000
81.963364 60.743682 1.000000
63.461559 70.671480 1.000000
56.153116 90.350624 1.000000
59.851451 101.808664 1.000000
63.912822 109.931408 1.000000
29.616793 109.028881 1.000000
24.652895 91.880866 1.000000
15.176360 85.563177 1.000000
26.909212 77.891697 1.000000
40.898382 83.758123 1.000000
7.956144 113.992780 1.000000
13.822570 122.115523 1.000000
11.445239 140.319864 1.000000
41.800909 122.566787 1.000000
38.190801 148.288809 1.000000
53.082497 139.714801 1.000000
59.851451 153.703971 1.000000
72.938093 148.288809 1.000000
65.266613 160.924188 1.000000
86.024736 122.115523 1.000000
112.198021 117.602888 1.000000
109.941703 135.202166 1.000000
84.219682 91.429603 1.000000
103.624014 101.357401 1.000000
123.944649 134.750903 1.000000
136.580028 128.433213 1.000000
145.605299 137.909747 1.000000
152.374252 150.093863 1.000000
160.948259 168.595668 1.000000
162.302050 184.841155 1.000000
130.713602 181.682310 1.000000
138.836346 168.595668 1.000000
99.576418 150.093863 1.000000
95.966310 164.985560 1.000000
85.135985 155.960289 1.000000
129.816615 12.007220 1.000000
142.451994 11.555957 1.000000
129.816615 49.010830 1.000000
152.379792 50.364621 1.000000
158.697481 77.891697 1.000000
168.625279 53.072202 1.000000
153.733582 25.545126 1.000000
168.174016 9.750903 1.000000
183.065712 18.776173 1.000000
192.993510 4.335740 1.000000
224.130694 15.166065 1.000000
214.654160 29.155235 1.000000
218.264268 61.194946 1.000000
205.177626 57.584838 1.000000
193.896037 53.974729 1.000000
180.809395 61.646209 1.000000
195.249828 82.404332 1.000000
265.201363 116.869965 1.000000
248.053349 113.259857 1.000000
242.638186 124.090182 1.000000
223.122976 126.346499 1.000000
254.822302 135.371770 1.000000
271.970316 159.740001 1.000000
246.248295 177.790543 1.000000
232.710388 170.570326 1.000000
230.002807 152.971048 1.000000
259.786201 184.559496 1.000000
247.602085 195.841084 1.000000
58.487365 191.610108 1.000000
71.574007 211.465704 1.000000
42.241877 228.162455 1.000000
53.072202 248.469314 1.000000
67.963899 238.992780 1.000000
67.061372 252.079422 1.000000
95.942238 259.299639 1.000000
110.833935 253.433213 1.000000
134.750903 245.310469 1.000000
129.787004 230.418773 1.000000
137.909747 213.270758 1.000000
179.425993 197.927798 1.000000
202.440433 204.696751 1.000000
194.317690 221.844765 1.000000
178.523466 235.382671 1.000000
163.631769 215.978339 1.000000
160.924188 248.920578 1.000000
140.166065 272.386282 1.000000
117.151625 277.350181 1.000000
121.663083 322.335478 1.000000
143.323733 311.505153 1.000000
117.150448 302.931146 1.000000
83.305683 283.075550 1.000000
66.608932 273.599016 1.000000
75.182939 300.674828 1.000000
84.659473 317.371579 1.000000
61.645033 311.053889 1.000000
281.411552 271.935018 1.000000
290.436823 304.425993 1.000000
285.472924 316.610108 1.000000
286.826715 331.953069 1.000000
257.043321 331.953069 1.000000
256.592058 312.097473 1.000000
245.761733 307.133574 1.000000
228.613718 305.328520 1.000000
211.916968 286.826715 1.000000
218.685921 332.855596 1.000000
229.967509 326.989170 1.000000
238.090253 345.490975 1.000000
240.797834 368.505415 1.000000
222.747292 371.212996 1.000000
255.689531 376.176895 1.000000
263.812274 398.288809 1.000000
247.115523 409.119134 1.000000
233.577617 415.888087 1.000000
223.198556 428.523466 1.000000
220.490975 442.061372 1.000000
207.850399 402.209124 1.000000
202.435237 415.295767 1.000000
184.835959 428.833673 1.000000
190.251121 444.627897 1.000000
168.590471 426.126092 1.000000
156.406356 414.844503 1.000000
156.406356 401.306597 1.000000
142.417186 406.721759 1.000000
126.622962 404.014178 1.000000
134.745706 386.866164 1.000000
140.160868 370.620676 1.000000
158.662673 380.097211 1.000000
157.308883 358.887824 1.000000
135.648233 346.703709 1.000000
90.973143 362.046669 1.000000
99.547150 370.620676 1.000000
96.839569 337.227175 1.000000
203.336244 465.035094 1.000000
194.762237 475.865419 1.000000
187.993284 487.598271 1.000000
207.397616 488.049534 1.000000
110.827219 488.049534 1.000000
124.816388 473.609101 1.000000
118.949962 458.266141 1.000000
139.256821 464.583830 1.000000
149.184619 477.219209 1.000000
138.354294 492.110906 1.000000
137.903031 476.316682 1.000000
135.195450 450.594661 1.000000
157.307363 448.789607 1.000000
158.209890 462.327513 1.000000
152.794728 432.995383 1.000000
113.083536 436.154227 1.000000
82.848879 435.702964 1.000000
90.971623 423.970112 1.000000
69.310973 454.204769 1.000000
86.458988 455.107296 1.000000
48.093253 445.645716 1.000000
39.519245 428.497701 1.000000
50.800834 414.508531 1.000000
53.057151 393.750409 1.000000
38.165455 397.811781 1.000000
46.739462 362.613225 1.000000
88.706971 401.873152 1.000000
437.548736 467.710243 1.000000
460.563177 488.468365 1.000000
493.505415 458.684972 1.000000
488.992780 472.674142 1.000000
493.956679 485.760784 1.000000
487.638989 498.847427 1.000000
6.592058 357.675090 1.000000
2.981949 374.371841 1.000000
0.274368 428.523466 1.000000
13.812274 454.245487 1.000000
16.519856 470.942238 1.000000
23.770321 498.166486 1.000000
423.108303 475.906137 1.000000
404.155235 481.772563 1.000000
339.173285 473.649819 1.000000
321.574007 456.050542 1.000000
314.353791 485.382671 1.000000
333.758123 498.469314 1.000000
362.638989 283.885118 2.000000
342.783394 284.336382 2.000000
324.281588 304.643241 2.000000
357.675090 306.448295 2.000000
380.689531 312.765985 2.000000
383.397112 423.937679 2.000000
292.693141 427.999051 2.000000
327.440433 382.421434 2.000000
318.866426 363.468365 2.000000
73.830325 183.487365 3.000000
306.682310 466.429603 4.000000
234.028881 455.148014 4.000000
335.110835 44.046931 4.000000
315.255239 97.747292 4.000000
426.266069 56.231047 4.000000
375.274368 210.573081 4.000000
301.718412 225.013514 4.000000
306.682310 241.710265 4.000000
407.765343 178.533370 4.000000
463.270758 210.573081 4.000000
384.750903 356.087284 4.000000
377.321447 388.313581 4.000000
480.418773 318.181147 4.000000
490.346570 339.390533 4.000000
493.505415 353.379703 4.000000
420.851986 437.475586 4.000000
185.780055 145.308743 0.000000
176.900273 388.478142 0.000000
174.509563 407.945355 0.000000
102.788251 195.172131 0.000000
118.498634 190.390710 0.000000
308.389344 332.125683 0.000000
396.504098 465.663934 0.000000
374.987705 463.956284 0.000000
407.774590 496.401639 0.000000
159.823770 300.021858 0.000000
94.933060 286.019126 0.000000
