4.000000 72.000000 1.000000
80.000000 496.000000 1.000000
93.000000 489.000000 1.000000
237.000000 299.000000 1.000000
246.000000 273.000000 1.000000
249.000000 259.000000 1.000000
254.000000 308.000000 1.000000
258.000000 247.000000 1.000000
266.000000 298.000000 1.000000
269.000000 263.000000 1.000000
271.000000 255.000000 1.000000
283.000000 386.000000 1.000000
284.000000 260.000000 1.000000
290.000000 412.000000 1.000000
293.000000 230.000000 1.000000
293.000000 310.000000 1.000000
306.000000 270.000000 1.000000
309.000000 325.000000 1.000000
309.000000 348.000000 1.000000
311.000000 367.000000 1.000000
312.000000 240.000000 1.000000
314.000000 340.000000 1.000000
314.000000 475.000000 1.000000
315.000000 425.000000 1.000000
315.000000 451.000000 1.000000
320.000000 357.000000 1.000000
321.000000 333.000000 1.000000
323.000000 377.000000 1.000000
324.000000 245.000000 1.000000
324.000000 258.000000 1.000000
324.000000 281.000000 1.000000
325.000000 395.000000 1.000000
328.000000 268.000000 1.000000
328.000000 321.000000 1.000000
331.000000 439.000000 1.000000
332.000000 309.000000 1.000000
336.168437 365.957891 1.000000
335.000000 300.000000 1.000000
336.000000 338.000000 1.000000
338.000000 280.000000 1.000000
339.000000 478.000000 1.000000
341.000000 353.000000 1.000000
343.000000 311.000000 1.000000
343.000000 327.000000 1.000000
350.000000 288.000000 1.000000
351.000000 339.000000 1.000000
352.000000 279.000000 1.000000
354.000000 306.000000 1.000000
356.000000 378.000000 1.000000
361.000000 313.000000 1.000000
365.000000 335.000000 1.000000
369.000000 382.000000 1.000000
377.000000 305.000000 1.000000
378.000000 348.000000 1.000000
385.000000 365.000000 1.000000
391.510379 381.902076 1.000000
391.195848 390.804152 1.000000
401.000000 379.000000 1.000000
401.000000 397.000000 1.000000
410.000000 347.000000 1.000000
414.000000 395.000000 1.000000
423.000000 356.000000 1.000000
425.000000 414.000000 1.000000
426.000000 404.000000 1.000000
435.000000 368.000000 1.000000
444.000000 426.000000 1.000000
453.059341 462.097924 1.000000
452.000000 443.000000 1.000000
465.000000 453.000000 1.000000
472.000000 393.000000 1.000000
477.000000 461.000000 1.000000
479.000000 402.000000 1.000000
482.000000 418.000000 1.000000
487.000000 475.000000 1.000000
494.000000 418.000000 1.000000
464.000000 417.000000 2.000000
480.000000 435.000000 2.000000
322.000000 227.000000 3.000000
334.000000 247.000000 3.000000
493.000000 455.000000 3.000000
48.000000 315.000000 4.000000
107.000000 252.000000 4.000000
142.000000 61.000000 4.000000
209.000000 294.000000 4.000000
230.000000 272.000000 4.000000
241.000000 311.000000 4.000000
251.000000 295.000000 4.000000
288.000000 247.000000 4.000000
294.000000 241.000000 4.000000
296.000000 259.000000 4.000000
308.000000 253.000000 4.000000
332.000000 416.000000 4.000000
336.000000 388.000000 4.000000
368.000000 366.000000 4.000000
393.000000 322.000000 4.000000
449.000000 375.000000 4.000000
