199.281588 1.628159 2.000000
194.317690 15.617329 2.000000
277.351651 5.960833 2.000000
271.485225 14.986104 2.000000
267.423853 27.170219 2.000000
65.707581 6.795712 2.000000
31.862816 8.149503 2.000000
20.581227 3.185604 2.000000
65.707581 29.810153 2.000000
46.754513 42.445532 2.000000
46.754513 51.019539 2.000000
113.992780 10.857084 2.000000
142.422383 21.687409 2.000000
95.039711 44.701849 2.000000
119.859206 62.301127 2.000000
118.054152 51.470802 2.000000
173.559567 13.113402 2.000000
53.072202 89.871251 2.000000
32.765343 62.795439 2.000000
36.375451 140.412767 2.000000
41.339350 115.142009 2.000000
462.821946 22.720182 2.000000
249.581080 3.433213 3.000000
248.469314 26.898917 3.000000
231.772563 60.087858 3.000000
382.947319 4.607042 4.000000
378.885947 18.144948 4.000000
385.654900 18.144948 4.000000
368.958149 29.426537 4.000000
267.423853 45.220761 4.000000
57.133574 151.243092 4.000000
57.133574 163.427208 4.000000
56.231047 180.123959 4.000000
52.620939 200.430818 4.000000
21.483755 209.456089 4.000000
25.093863 241.947063 4.000000
38.631769 232.470529 4.000000
45.851986 246.008435 4.000000
57.584838 240.593273 4.000000
55.779783 254.582442 4.000000
49.462094 261.802659 4.000000
42.693141 265.864031 4.000000
56.231047 270.827930 4.000000
74.732852 235.178110 4.000000
78.794224 241.044536 4.000000
92.783394 265.412767 4.000000
99.552347 195.918182 4.000000
113.992780 187.795439 4.000000
147.837545 155.755728 4.000000
146.935018 203.589663 4.000000
138.812274 99.347785 4.000000
132.945848 80.845980 4.000000
161.826715 80.394717 4.000000
201.537906 127.777388 4.000000
210.111913 120.105908 4.000000
209.660650 148.986774 4.000000
203.342960 166.134789 4.000000
191.610108 156.206991 4.000000
211.014440 177.416377 4.000000
190.256318 193.661865 4.000000
296.754513 81.953069 4.000000
302.620939 78.794224 4.000000
297.205776 59.841155 4.000000
278.252708 67.061372 4.000000
276.898917 95.942238 4.000000
295.851986 123.469314 4.000000
283.667870 146.032491 4.000000
280.960289 126.628159 4.000000
233.126354 118.505415 4.000000
297.205776 175.364621 4.000000
308.036101 161.375451 4.000000
318.866426 137.007220 4.000000
327.891697 146.483755 4.000000
330.599278 74.281588 4.000000
379.335740 69.768953 4.000000
395.581227 53.523466 4.000000
382.494585 39.534296 4.000000
355.418773 37.729242 4.000000
415.888087 41.339350 4.000000
417.241877 67.512635 4.000000
413.631769 101.357401 4.000000
397.837545 122.115523 4.000000
377.981949 113.090253 4.000000
364.895307 113.090253 4.000000
382.945848 144.227437 4.000000
396.935018 159.119134 4.000000
377.079422 175.815884 4.000000
390.166065 199.281588 4.000000
408.667870 187.548736 4.000000
356.321300 186.646209 4.000000
353.613718 200.184116 4.000000
351.357401 163.180505 4.000000
321.122744 200.635379 4.000000
286.375451 208.306859 4.000000
249.371841 177.620939 4.000000
250.725632 211.014440 4.000000
230.418773 193.415162 4.000000
328.342960 217.783394 4.000000
337.368231 229.064982 4.000000
442.063823 47.990940 4.000000
445.222668 56.113684 4.000000
439.807505 88.153395 4.000000
440.710032 145.463864 4.000000
22.837545 282.530616 4.000000
38.180505 282.981880 4.000000
66.610108 291.555887 4.000000
73.379061 274.859136 4.000000
100.906137 295.165995 4.000000
94.137184 303.288739 4.000000
127.981949 316.826645 4.000000
143.776173 319.534226 4.000000
157.765343 284.335670 4.000000
159.436004 301.081740 0.000000
165.436823 272.151555 4.000000
144.227437 273.054082 4.000000
125.274368 265.382602 4.000000
165.888087 313.216537 4.000000
174.913357 329.462024 4.000000
182.133574 342.097403 4.000000
153.703971 366.916898 4.000000
149.642599 386.321230 4.000000
133.397112 392.638919 4.000000
125.274368 405.725562 4.000000
155.960289 419.263468 4.000000
134.750903 425.581158 4.000000
100.906137 394.895237 4.000000
122.115523 347.061302 4.000000
81.953069 370.978270 4.000000
74.281588 360.599208 4.000000
65.707581 371.880797 4.000000
66.158845 392.638919 4.000000
56.682310 371.429533 4.000000
58.036101 384.967439 4.000000
70.220217 342.548667 4.000000
70.220217 326.754443 4.000000
53.072202 349.317620 4.000000
44.949458 442.512635 4.000000
55.779783 460.111913 4.000000
64.353791 488.090253 4.000000
81.501805 490.346570 4.000000
99.101083 481.321300 4.000000
97.747292 465.978339 4.000000
140.166065 456.953069 4.000000
138.812274 444.317690 4.000000
150.996390 443.415162 4.000000
150.545126 493.505415 4.000000
169.949458 479.064982 4.000000
217.332130 451.537906 4.000000
222.747292 453.342960 4.000000
235.382671 465.527076 4.000000
220.039711 408.216606 4.000000
193.866426 420.851986 4.000000
207.855596 387.909747 4.000000
228.613718 395.129964 4.000000
199.732852 382.494585 4.000000
209.660650 360.833935 4.000000
240.346570 492.602888 4.000000
218.672880 264.070694 4.000000
214.611508 274.901019 4.000000
201.524865 276.254810 4.000000
205.134974 287.987662 4.000000
222.734252 313.709683 4.000000
221.380461 328.601380 4.000000
234.918367 333.565279 4.000000
225.441833 340.785496 4.000000
254.773963 355.225929 4.000000
260.640389 373.727734 4.000000
279.142194 348.456976 4.000000
283.654829 377.337842 4.000000
316.145804 340.785496 4.000000
310.730642 316.417265 4.000000
316.145804 281.669972 4.000000
331.488764 281.218709 4.000000
331.037501 255.045423 4.000000
310.279378 251.435315 4.000000
290.423782 248.276470 4.000000
255.225226 270.839647 4.000000
230.856995 244.215099 4.000000
376.178317 254.321240 4.000000
366.701783 261.541456 4.000000
378.885898 260.638929 4.000000
404.156656 275.981889 4.000000
387.008642 282.299579 4.000000
362.640411 279.140734 4.000000
399.192757 306.216547 4.000000
410.023082 264.700301 4.000000
425.817306 252.516186 4.000000
422.207198 298.093803 4.000000
423.560989 377.064922 4.000000
383.849797 338.707521 4.000000
345.041133 367.137124 4.000000
342.333552 348.635319 4.000000
334.662072 341.866366 4.000000
322.025271 371.212996 4.000000
316.610108 405.509025 4.000000
325.635379 422.205776 4.000000
331.050542 438.451264 4.000000
350.906137 456.050542 4.000000
373.920578 420.851986 4.000000
365.797834 386.104693 4.000000
363.541516 474.552347 4.000000
352.711191 494.859206 4.000000
276.438192 410.090926 4.000000
268.315448 406.480818 4.000000
260.192704 429.043995 4.000000
296.293787 460.181179 4.000000
30.725410 365.254098 0.000000
24.919399 384.721311 0.000000
18.771858 350.909836 0.000000
7.159836 335.540984 0.000000
34.482240 315.732240 0.000000
35.848361 301.387978 0.000000
26.968579 306.510929 0.000000
12.624317 428.437158 0.000000
5.452186 397.699454 0.000000
24.577869 470.103825 0.000000
9.550546 497.084699 0.000000
81.613388 63.683060 0.000000
85.711749 182.535519 0.000000
