4.000000 70.000000 2.000000
9.000000 227.000000 2.000000
13.000000 213.000000 2.000000
15.000000 76.000000 2.000000
18.000000 303.000000 2.000000
19.000000 368.000000 2.000000
22.000000 214.000000 2.000000
26.744347 186.748869 2.000000
27.769008 155.538017 2.000000
27.808088 338.787869 2.000000
32.000000 0.255653 2.000000
31.739824 16.246608 2.000000
34.000000 70.000000 2.000000
37.000000 100.000000 2.000000
37.000000 125.000000 2.000000
38.000000 351.000000 2.000000
42.000000 87.000000 2.000000
43.595956 320.020219 2.000000
39.424263 334.020219 2.000000
41.990955 440.488693 2.000000
49.000000 117.000000 2.000000
52.515829 477.470603 2.000000
52.000000 203.000000 2.000000
54.000000 232.000000 2.000000
56.000000 85.000000 2.000000
58.246608 127.995477 2.000000
61.000000 115.000000 2.000000
64.000000 218.000000 2.000000
65.748869 391.242085 2.000000
67.000000 175.000000 2.000000
68.000000 422.000000 2.000000
67.744347 470.990955 2.000000
73.000000 14.000000 2.000000
77.000000 29.000000 2.000000
80.000000 240.000000 2.000000
80.995477 281.493216 2.000000
80.488693 449.739824 2.000000
85.000000 62.000000 2.000000
87.000000 173.000000 2.000000
89.000000 315.000000 2.000000
91.000000 101.000000 2.000000
95.171694 393.000000 2.000000
97.753392 457.233040 2.000000
97.000000 481.488693 2.000000
103.000000 87.000000 2.000000
107.242085 14.744347 2.000000
109.000000 272.000000 2.000000
111.000000 202.000000 2.000000
116.242085 3.502261 2.000000
118.000000 43.000000 2.000000
118.000000 377.000000 2.000000
119.000000 29.000000 2.000000
120.000000 185.000000 2.000000
123.000000 116.000000 2.000000
127.000000 75.000000 2.000000
132.246608 274.000000 2.000000
133.246608 11.246608 2.000000
134.000000 232.000000 2.000000
134.990955 482.488693 2.000000
138.246608 359.255653 2.000000
140.000000 31.000000 2.000000
140.753392 295.753392 2.000000
139.735302 191.986432 2.000000
146.748869 488.502261 2.000000
148.000000 65.000000 2.000000
148.246608 85.497739 2.000000
149.000000 281.000000 2.000000
154.013568 190.255653 2.000000
152.000000 319.000000 2.000000
157.000000 65.000000 2.000000
159.000000 107.000000 2.000000
163.000000 325.000000 2.000000
167.000000 225.000000 2.000000
170.013568 260.251131 2.000000
171.000000 82.995477 2.000000
171.000000 209.000000 2.000000
173.000000 239.000000 2.000000
173.000000 280.000000 2.000000
176.000000 61.000000 2.000000
176.000000 322.000000 2.000000
174.493216 480.744347 2.000000
177.000000 101.000000 2.000000
177.000000 299.000000 2.000000
181.000000 219.000000 2.000000
184.000000 371.000000 2.000000
186.000000 117.000000 2.000000
187.000000 430.000000 2.000000
200.000000 77.000000 2.000000
201.251131 147.246608 2.000000
206.246608 168.251131 2.000000
209.000000 397.000000 2.000000
210.000000 458.000000 2.000000
213.000000 7.246608 2.000000
213.000000 123.000000 2.000000
213.000000 221.000000 2.000000
224.000000 151.000000 2.000000
225.000000 168.000000 2.000000
226.753392 277.493216 2.000000
224.990955 0.506784 2.000000
233.000000 311.000000 2.000000
236.000000 387.000000 2.000000
236.000000 426.000000 2.000000
240.000000 375.000000 2.000000
245.502261 87.004523 2.000000
246.000000 395.000000 2.000000
247.000000 436.000000 2.000000
251.000000 303.000000 2.000000
252.000000 230.000000 2.000000
255.000000 326.000000 2.000000
256.497739 72.748869 2.000000
267.000000 25.000000 2.000000
269.000000 408.000000 2.000000
270.000000 122.000000 2.000000
272.000000 323.000000 2.000000
273.000000 131.000000 2.000000
274.000000 257.000000 2.000000
275.000000 191.000000 2.000000
277.000000 53.000000 2.000000
278.000000 491.000000 2.000000
279.000000 273.000000 2.000000
280.000000 476.000000 2.000000
285.000000 223.000000 2.000000
286.000000 443.000000 2.000000
290.000000 188.000000 2.000000
290.000000 215.000000 2.000000
291.000000 407.000000 2.000000
294.000000 267.000000 2.000000
294.000000 429.000000 2.000000
297.000000 394.000000 2.000000
298.000000 499.000000 2.000000
299.000000 182.000000 2.000000
299.000000 255.000000 2.000000
301.000000 70.000000 2.000000
310.000000 261.000000 2.000000
318.000000 256.000000 2.000000
320.493216 397.246608 2.000000
323.000000 147.000000 2.000000
329.000000 298.000000 2.000000
331.000000 10.000000 2.000000
333.000000 129.000000 2.000000
333.000000 415.000000 2.000000
336.000000 373.000000 2.000000
336.000000 499.000000 2.000000
337.000000 142.000000 2.000000
338.000000 319.000000 2.000000
342.000000 468.000000 2.000000
345.000000 133.000000 2.000000
347.242085 323.242085 2.000000
351.246608 192.000000 2.000000
354.000000 23.000000 2.000000
357.748869 171.488693 2.000000
362.000000 473.000000 2.000000
365.000000 499.000000 2.000000
366.000000 287.000000 2.000000
367.753392 195.995477 2.000000
368.000000 241.000000 2.000000
369.000000 346.000000 2.000000
377.000000 475.000000 2.000000
379.000000 116.000000 2.000000
379.000000 130.246608 2.000000
379.000000 152.000000 2.000000
381.000000 368.000000 2.000000
381.000000 387.000000 2.000000
384.000000 457.000000 2.000000
388.000000 239.000000 2.000000
391.000000 94.000000 2.000000
392.000000 74.000000 2.000000
394.000000 385.000000 2.000000
395.246608 156.497739 2.000000
396.000000 314.000000 2.000000
399.000000 12.000000 2.000000
400.000000 37.000000 2.000000
400.000000 452.000000 2.000000
400.748869 21.744347 2.000000
402.000000 465.000000 2.000000
403.502261 219.502261 2.000000
404.000000 180.000000 2.000000
405.000000 1.000000 2.000000
405.000000 401.000000 2.000000
406.000000 324.000000 2.000000
409.000000 415.000000 2.000000
409.000000 437.000000 2.000000
408.990955 56.479648 2.000000
412.000000 272.000000 2.000000
412.497739 120.246608 2.000000
414.748869 32.995477 2.000000
415.000000 244.000000 2.000000
419.497739 169.000000 2.000000
423.000000 10.000000 2.000000
424.000000 437.000000 2.000000
426.000000 267.000000 2.000000
426.497739 255.995477 2.000000
429.000000 37.000000 2.000000
427.484171 242.251131 2.000000
434.000000 369.000000 2.000000
437.000000 44.000000 2.000000
438.000000 237.000000 2.000000
438.000000 429.000000 2.000000
441.000000 114.000000 2.000000
442.000000 150.000000 2.000000
442.000000 277.000000 2.000000
442.000000 417.000000 2.000000
444.000000 171.000000 2.000000
446.000000 217.000000 2.000000
446.000000 304.000000 2.000000
449.753392 192.497739 2.000000
451.000000 335.739824 2.000000
455.000000 203.000000 2.000000
458.000000 422.000000 2.000000
460.000000 475.000000 2.000000
465.000000 412.000000 2.000000
467.000000 441.000000 2.000000
465.986432 240.488693 2.000000
470.506784 490.255653 2.000000
474.000000 154.000000 2.000000
474.246608 384.995477 2.000000
479.000000 410.000000 2.000000
480.000000 292.000000 2.000000
482.246608 48.744347 2.000000
485.000000 280.000000 2.000000
484.493216 332.484171 2.000000
487.000000 25.000000 2.000000
487.000000 350.000000 2.000000
487.739824 2.748869 2.000000
492.000000 130.000000 2.000000
493.000000 203.000000 2.000000
497.000000 78.000000 2.000000
498.000000 27.000000 2.000000
498.000000 466.000000 2.000000
499.000000 215.000000 2.000000
2.000000 154.000000 3.000000
2.000000 276.000000 3.000000
2.000000 423.000000 3.000000
4.000000 254.000000 3.000000
5.000000 184.000000 3.000000
7.000000 59.000000 3.000000
7.000000 345.000000 3.000000
8.000000 173.000000 3.000000
9.000000 196.000000 3.000000
11.000000 143.000000 3.000000
12.000000 97.748869 3.000000
13.000000 161.000000 3.000000
13.000000 400.000000 3.000000
13.000000 476.000000 3.000000
14.000000 488.000000 3.000000
15.748869 108.748869 3.000000
16.000000 437.000000 3.000000
16.000000 461.000000 3.000000
17.000000 251.000000 3.000000
20.000000 13.000000 3.000000
20.000000 29.000000 3.000000
21.000000 425.000000 3.000000
23.000000 53.000000 3.000000
25.000000 316.000000 3.000000
25.000000 443.000000 3.000000
25.000000 453.000000 3.000000
25.000000 481.000000 3.000000
26.000000 264.000000 3.000000
27.000000 174.000000 3.000000
27.000000 392.000000 3.000000
29.000000 273.000000 3.000000
30.000000 203.000000 3.000000
30.000000 467.000000 3.000000
32.000000 295.000000 3.000000
31.242085 283.990955 3.000000
34.000000 414.000000 3.000000
34.000000 428.000000 3.000000
34.000000 478.000000 3.000000
34.748869 248.744347 3.000000
38.000000 170.000000 3.000000
38.000000 182.000000 3.000000
39.000000 156.000000 3.000000
39.000000 365.000000 3.000000
40.000000 197.000000 3.000000
42.000000 207.000000 3.000000
40.463262 283.808088 3.000000
39.705347 266.990955 3.000000
44.000000 377.000000 3.000000
45.000000 12.000000 3.000000
46.000000 398.000000 3.000000
47.000000 248.000000 3.000000
47.000000 428.000000 3.000000
49.404044 286.404044 3.000000
51.000000 386.000000 3.000000
53.000000 363.000000 3.000000
53.246608 193.995477 3.000000
55.000000 255.739824 3.000000
56.000000 147.000000 3.000000
57.000000 60.000000 3.000000
56.497739 181.753392 3.000000
58.000000 12.000000 3.000000
58.000000 400.000000 3.000000
56.744347 442.744347 3.000000
61.000000 491.000000 3.000000
62.000000 73.000000 3.000000
62.000000 280.212131 3.000000
64.000000 140.000000 3.000000
63.995477 157.246608 3.000000
64.995477 260.744347 3.000000
70.000000 102.000000 3.000000
71.000000 76.000000 3.000000
73.000000 408.000000 3.000000
74.000000 364.000000 3.000000
76.000000 488.000000 3.000000
77.000000 463.000000 3.000000
78.000000 101.000000 3.000000
80.000000 74.000000 3.000000
82.000000 331.000000 3.000000
83.000000 122.000000 3.000000
84.000000 187.000000 3.000000
84.000000 417.000000 3.000000
84.000000 431.000000 3.000000
85.000000 297.000000 3.000000
85.000000 476.000000 3.000000
87.000000 152.000000 3.000000
88.000000 15.000000 3.000000
89.000000 135.000000 3.000000
89.000000 217.000000 3.000000
90.000000 441.000000 3.000000
92.000000 331.000000 3.000000
95.000000 243.000000 3.000000
97.000000 12.000000 3.000000
99.000000 208.000000 3.000000
99.000000 218.000000 3.000000
100.000000 70.000000 3.000000
100.000000 131.000000 3.000000
101.000000 116.000000 3.000000
102.000000 230.000000 3.000000
102.000000 435.000000 3.000000
104.000000 284.000000 3.000000
104.000000 379.000000 3.000000
105.000000 360.000000 3.000000
106.000000 240.000000 3.000000
106.000000 427.000000 3.000000
106.000000 488.000000 3.000000
109.246608 131.493216 3.000000
111.000000 69.000000 3.000000
112.000000 164.000000 3.000000
112.000000 327.000000 3.000000
113.000000 170.922521 3.000000
110.990955 437.242085 3.000000
114.000000 61.000000 3.000000
118.000000 352.497739 3.000000
122.000000 284.000000 3.000000
120.650652 294.463262 3.000000
124.000000 65.000000 3.000000
123.246608 222.497739 3.000000
125.000000 315.000000 3.000000
125.000000 339.000000 3.000000
126.000000 327.000000 3.000000
126.000000 429.000000 3.000000
126.000000 467.000000 3.000000
127.000000 253.000000 3.000000
129.000000 304.000000 3.000000
131.000000 389.000000 3.000000
135.000000 40.000000 3.000000
135.000000 417.000000 3.000000
137.000000 317.000000 3.000000
137.000000 339.000000 3.000000
138.000000 253.000000 3.000000
138.000000 466.000000 3.000000
139.000000 124.000000 3.000000
139.000000 403.000000 3.000000
140.000000 374.000000 3.000000
140.748869 141.246608 3.000000
141.000000 243.000000 3.000000
141.000000 426.000000 3.000000
141.000000 437.000000 3.000000
141.000000 448.000000 3.000000
142.000000 163.000000 3.000000
142.000000 327.404044 3.000000
143.000000 389.000000 3.000000
145.000000 41.000000 3.000000
145.000000 133.000000 3.000000
145.000000 218.000000 3.000000
146.000000 457.000000 3.000000
148.000000 151.000000 3.000000
149.000000 95.000000 3.000000
151.000000 6.000000 3.000000
151.000000 249.000000 3.000000
151.000000 357.000000 3.000000
151.000000 434.000000 3.000000
152.000000 476.000000 3.000000
153.000000 374.000000 3.000000
153.000000 445.000000 3.000000
154.000000 422.000000 3.000000
156.000000 298.000000 3.000000
154.744347 333.493216 3.000000
157.000000 309.000000 3.000000
159.000000 148.000000 3.000000
159.000000 159.000000 3.000000
160.000000 173.000000 3.000000
159.744347 10.497739 3.000000
162.000000 42.000000 3.000000
162.000000 367.000000 3.000000
163.000000 399.000000 3.000000
163.000000 435.000000 3.000000
165.000000 377.000000 3.000000
166.000000 312.000000 3.000000
166.000000 445.000000 3.000000
164.616175 347.616175 3.000000
168.000000 134.000000 3.000000
171.000000 460.000000 3.000000
173.000000 141.000000 3.000000
173.000000 289.000000 3.000000
174.000000 34.000000 3.000000
175.000000 358.000000 3.000000
175.000000 374.000000 3.000000
177.000000 181.000000 3.000000
177.000000 195.000000 3.000000
177.000000 444.000000 3.000000
178.000000 7.000000 3.000000
183.000000 251.000000 3.000000
183.000000 464.000000 3.000000
184.502261 398.990955 3.000000
184.000000 416.000000 3.000000
187.000000 289.000000 3.000000
189.000000 105.246608 3.000000
189.000000 315.000000 3.000000
190.000000 151.000000 3.000000
191.000000 51.000000 3.000000
192.000000 127.000000 3.000000
192.000000 188.744347 3.000000
192.000000 242.000000 3.000000
193.000000 334.000000 3.000000
195.000000 258.000000 3.000000
196.000000 355.000000 3.000000
196.000000 425.000000 3.000000
197.000000 230.000000 3.000000
197.000000 321.000000 3.000000
198.000000 104.000000 3.000000
199.000000 412.000000 3.000000
198.744347 61.242085 3.000000
200.000000 439.000000 3.000000
200.748869 268.744347 3.000000
202.000000 302.000000 3.000000
204.000000 472.000000 3.000000
205.000000 329.000000 3.000000
206.000000 43.000000 3.000000
205.246608 195.246608 3.000000
206.000000 355.000000 3.000000
206.000000 365.000000 3.000000
205.242085 247.246608 3.000000
207.000000 421.000000 3.000000
209.000000 99.000000 3.000000
209.000000 292.000000 3.000000
210.000000 340.000000 3.000000
210.246608 277.744347 3.000000
211.000000 309.000000 3.000000
213.000000 317.000000 3.000000
214.000000 57.000000 3.000000
214.000000 233.000000 3.000000
218.000000 419.000000 3.000000
221.000000 134.000000 3.000000
219.995477 187.251131 3.000000
221.000000 245.000000 3.000000
221.000000 454.000000 3.000000
223.000000 325.000000 3.000000
225.383825 344.625910 3.000000
224.000000 200.000000 3.000000
225.000000 35.000000 3.000000
225.000000 78.000000 3.000000
226.000000 103.000000 3.000000
225.246608 365.748869 3.000000
226.000000 415.000000 3.000000
228.000000 61.000000 3.000000
229.000000 337.000000 3.000000
232.000000 8.000000 3.000000
232.000000 45.000000 3.000000
233.000000 87.000000 3.000000
233.000000 462.000000 3.000000
240.000000 492.000000 3.000000
241.000000 327.000000 3.000000
242.000000 246.000000 3.000000
244.000000 467.000000 3.000000
242.739824 1.493216 3.000000
245.000000 39.000000 3.000000
246.000000 59.000000 3.000000
248.000000 110.000000 3.000000
249.000000 336.000000 3.000000
250.000000 454.000000 3.000000
252.000000 256.000000 3.000000
253.000000 359.000000 3.000000
253.000000 372.000000 3.000000
253.000000 473.000000 3.000000
257.000000 54.000000 3.000000
258.000000 417.000000 3.000000
259.000000 87.000000 3.000000
260.000000 43.000000 3.000000
260.000000 242.000000 3.000000
260.000000 436.000000 3.000000
262.000000 217.000000 3.000000
262.000000 271.000000 3.000000
263.000000 380.000000 3.000000
263.000000 462.000000 3.000000
262.493216 292.753392 3.000000
265.000000 475.000000 3.000000
265.000000 486.000000 3.000000
267.000000 75.000000 3.000000
267.000000 106.000000 3.000000
268.000000 368.000000 3.000000
271.000000 424.000000 3.000000
275.000000 80.000000 3.000000
277.000000 66.000000 3.000000
277.000000 239.000000 3.000000
278.000000 29.000000 3.000000
278.000000 379.000000 3.000000
279.000000 333.000000 3.000000
281.000000 151.000000 3.000000
282.000000 365.000000 3.000000
283.000000 1.000000 3.000000
284.000000 143.000000 3.000000
284.000000 354.000000 3.000000
284.748869 99.744347 3.000000
285.000000 166.000000 3.000000
285.000000 326.000000 3.000000
286.000000 310.000000 3.000000
287.000000 39.000000 3.000000
287.000000 75.000000 3.000000
287.000000 257.000000 3.000000
288.000000 26.000000 3.000000
290.000000 130.000000 3.000000
291.000000 238.000000 3.000000
292.000000 119.000000 3.000000
292.000000 374.000000 3.000000
294.000000 157.000000 3.000000
296.000000 82.000000 3.000000
298.000000 47.000000 3.000000
298.000000 321.000000 3.000000
300.000000 146.000000 3.000000
300.000000 194.000000 3.000000
300.000000 206.000000 3.000000
300.000000 229.000000 3.000000
300.000000 442.000000 3.000000
301.000000 300.000000 3.000000
302.000000 129.000000 3.000000
303.000000 458.000000 3.000000
303.000000 475.000000 3.000000
306.000000 289.000000 3.000000
307.000000 27.000000 3.000000
307.000000 159.000000 3.000000
307.000000 310.000000 3.000000
307.000000 356.000000 3.000000
309.000000 192.000000 3.000000
309.000000 490.000000 3.000000
310.000000 145.000000 3.000000
311.000000 217.000000 3.000000
312.000000 120.000000 3.000000
312.000000 205.000000 3.000000
312.000000 234.000000 3.000000
313.000000 45.000000 3.000000
313.000000 72.000000 3.000000
313.000000 375.000000 3.000000
313.000000 418.000000 3.000000
315.000000 132.000000 3.000000
315.000000 302.000000 3.000000
317.000000 103.000000 3.000000
317.000000 153.000000 3.000000
317.000000 442.000000 3.000000
318.000000 364.000000 3.000000
318.000000 496.000000 3.000000
320.000000 30.000000 3.000000
320.000000 278.000000 3.000000
320.000000 314.000000 3.000000
320.000000 466.000000 3.000000
321.000000 432.000000 3.000000
323.000000 175.000000 3.000000
323.000000 483.000000 3.000000
324.497739 120.497739 3.000000
326.000000 72.000000 3.000000
326.000000 266.000000 3.000000
327.000000 63.000000 3.000000
327.000000 351.000000 3.000000
328.000000 199.000000 3.000000
329.000000 220.000000 3.000000
329.000000 449.000000 3.000000
330.000000 473.000000 3.000000
331.000000 38.000000 3.000000
332.000000 166.000000 3.000000
332.000000 482.000000 3.000000
334.000000 208.000000 3.000000
335.000000 114.000000 3.000000
335.000000 154.000000 3.000000
336.000000 21.000000 3.000000
336.000000 284.000000 3.000000
336.748869 353.748869 3.000000
338.000000 267.000000 3.000000
339.000000 220.000000 3.000000
343.000000 155.000000 3.000000
344.000000 199.000000 3.000000
344.000000 234.000000 3.000000
345.000000 106.000000 3.000000
344.497739 122.990955 3.000000
346.000000 39.000000 3.000000
346.000000 69.000000 3.000000
346.497739 306.000000 3.000000
349.000000 221.000000 3.000000
349.000000 364.000000 3.000000
349.000000 435.000000 3.000000
351.000000 148.000000 3.000000
353.000000 269.000000 3.000000
351.995477 286.000000 3.000000
355.000000 298.000000 3.000000
355.000000 375.000000 3.000000
356.000000 310.744347 3.000000
357.000000 66.000000 3.000000
358.000000 413.000000 3.000000
362.000000 39.000000 3.000000
362.000000 57.000000 3.000000
361.497739 386.497739 3.000000
364.000000 119.000000 3.000000
363.744347 207.251131 3.000000
366.995477 254.744347 3.000000
367.995477 21.251131 3.000000
369.000000 132.000000 3.000000
370.000000 324.000000 3.000000
373.000000 308.000000 3.000000
374.000000 79.000000 3.000000
376.000000 275.000000 3.000000
378.000000 200.000000 3.000000
379.000000 2.000000 3.000000
379.000000 169.000000 3.000000
379.000000 256.000000 3.000000
379.497739 181.493216 3.000000
382.000000 401.000000 3.000000
383.000000 281.000000 3.000000
383.000000 318.000000 3.000000
384.000000 221.000000 3.000000
384.000000 438.000000 3.000000
385.000000 469.000000 3.000000
385.246608 211.000000 3.000000
390.000000 193.000000 3.000000
392.000000 114.000000 3.000000
392.000000 219.000000 3.000000
393.000000 330.000000 3.000000
394.000000 148.000000 3.000000
394.000000 209.000000 3.000000
394.000000 340.000000 3.000000
396.000000 496.000000 3.000000
400.000000 124.000000 3.000000
400.000000 167.000000 3.000000
401.000000 197.000000 3.000000
403.000000 372.000000 3.000000
404.246608 340.000000 3.000000
406.000000 385.000000 3.000000
408.000000 494.000000 3.000000
406.990955 157.000000 3.000000
415.497739 231.246608 3.000000
418.000000 372.246608 3.000000
420.000000 413.000000 3.000000
421.000000 125.000000 3.000000
424.000000 330.000000 3.000000
428.000000 285.000000 3.000000
430.000000 137.000000 3.000000
429.246608 206.990955 3.000000
431.000000 185.000000 3.000000
432.000000 460.000000 3.000000
433.000000 63.000000 3.000000
433.000000 347.000000 3.000000
436.000000 128.000000 3.000000
436.000000 298.000000 3.000000
437.246608 193.748869 3.000000
438.000000 406.000000 3.000000
440.000000 67.000000 3.000000
445.000000 158.000000 3.000000
446.000000 83.000000 3.000000
446.744347 236.246608 3.000000
448.000000 443.000000 3.000000
451.000000 125.000000 3.000000
452.000000 403.000000 3.000000
453.000000 283.000000 3.000000
454.000000 9.000000 3.000000
455.000000 136.000000 3.000000
455.000000 248.000000 3.000000
456.000000 377.000000 3.000000
458.000000 167.000000 3.000000
459.000000 232.000000 3.000000
459.000000 439.000000 3.000000
460.000000 454.000000 3.000000
462.000000 66.000000 3.000000
460.242085 106.995477 3.000000
461.493216 264.497739 3.000000
463.000000 291.000000 3.000000
465.000000 83.000000 3.000000
466.000000 4.000000 3.000000
467.000000 58.000000 3.000000
467.000000 135.000000 3.000000
467.000000 256.000000 3.000000
467.000000 308.000000 3.000000
467.246608 328.990955 3.000000
472.000000 48.000000 3.000000
475.506784 102.242085 3.000000
475.000000 3.000000 3.000000
476.000000 233.000000 3.000000
479.000000 82.000000 3.000000
481.000000 260.000000 3.000000
481.000000 495.000000 3.000000
480.493216 184.739824 3.000000
484.246608 389.995477 3.000000
486.000000 66.000000 3.000000
486.000000 373.000000 3.000000
488.000000 247.000000 3.000000
489.000000 36.000000 3.000000
490.000000 445.000000 3.000000
491.000000 87.000000 3.000000
491.000000 265.000000 3.000000
496.000000 499.000000 3.000000
500.000000 184.000000 3.000000
111.000000 398.000000 4.000000
158.000000 461.000000 4.000000
281.000000 456.000000 4.000000
418.488693 196.990955 4.000000
