2.000000 252.000000 2.000000
2.000000 333.000000 2.000000
2.000000 346.000000 2.000000
24.000000 25.000000 2.000000
28.000000 230.000000 2.000000
36.000000 2.000000 2.000000
99.000000 182.000000 2.000000
107.000000 13.000000 2.000000
117.000000 482.000000 2.000000
118.000000 116.000000 2.000000
118.000000 273.000000 2.000000
146.000000 130.000000 2.000000
151.000000 319.000000 2.000000
177.000000 146.000000 2.000000
106.000000 443.000000 3.000000
110.000000 51.000000 3.000000
72.000000 466.000000 4.000000
