15.617329 94.137184 1.000000
33.216606 85.563177 1.000000
45.400722 79.696751 1.000000
45.851986 69.768953 1.000000
9.750903 173.559567 1.000000
23.740072 187.097473 1.000000
26.898917 204.245487 1.000000
23.288809 219.137184 1.000000
22.837545 231.772563 1.000000
67.805586 79.190048 1.000000
56.249186 57.133574 1.000000
60.640809 37.751894 1.000000
61.664349 19.678700 1.000000
58.505504 4.335740 1.000000
115.815973 7.043321 1.000000
107.693230 21.483755 1.000000
103.631858 35.472924 1.000000
103.631858 49.462094 1.000000
105.888175 58.487365 1.000000
111.303338 74.732852 1.000000
120.779872 86.014440 1.000000
125.292508 95.490975 1.000000
134.317778 106.321300 1.000000
149.660739 118.505415 1.000000
164.552435 121.212996 1.000000
173.577706 132.043321 1.000000
190.274457 134.299639 1.000000
216.899006 145.581227 1.000000
228.180594 144.678700 1.000000
63.469403 240.346570 1.000000
54.895396 194.317690 1.000000
64.371930 172.657040 1.000000
75.202255 159.570397 1.000000
86.032580 149.642599 1.000000
96.411641 144.678700 1.000000
102.938569 141.850107 1.000000
122.133663 143.776173 1.000000
144.245576 145.581227 1.000000
163.198645 151.447653 1.000000
180.797923 157.765343 1.000000
194.335829 157.765343 1.000000
212.837634 167.241877 1.000000
228.631858 190.256318 1.000000
53.090342 210.111913 1.000000
62.115612 224.101083 1.000000
233.613112 197.927798 1.000000
234.966902 213.270758 1.000000
248.053545 145.129964 1.000000
264.299032 145.129964 1.000000
277.836938 142.422383 1.000000
290.472317 133.397112 1.000000
303.558960 120.761733 1.000000
305.364014 104.516245 1.000000
313.035494 96.393502 1.000000
317.548130 86.916968 1.000000
319.804447 60.292419 1.000000
320.255711 44.046931 1.000000
311.681704 25.545126 1.000000
305.364014 9.299639 1.000000
489.444043 15.166065 1.000000
477.259928 31.862816 1.000000
470.942238 46.754513 1.000000
456.501805 50.364621 1.000000
437.548736 52.620939 1.000000
422.657040 62.548736 1.000000
417.241877 56.231047 1.000000
438.902527 67.512635 1.000000
404.606498 68.415162 1.000000
395.581227 67.061372 1.000000
383.397112 61.194946 1.000000
370.761733 52.620939 1.000000
365.797834 41.339350 1.000000
350.906137 30.960289 1.000000
344.137184 18.776173 1.000000
341.429603 5.689531 1.000000
39.534296 118.505415 2.000000
33.899761 127.497899 2.000000
88.740161 81.501805 2.000000
77.909836 20.129964 2.000000
206.068681 150.996390 2.000000
182.151713 145.129964 2.000000
178.992869 140.166065 2.000000
164.101172 140.166065 2.000000
146.953157 126.176895 2.000000
118.523554 126.628159 2.000000
91.447742 121.212996 2.000000
266.104086 179.877256 2.000000
329.732245 25.093863 2.000000
489.444043 78.794224 2.000000
433.036101 81.501805 2.000000
379.335740 137.458484 2.000000
357.675090 123.469314 2.000000
461.916968 186.646209 2.000000
485.327232 191.698334 2.000000
413.213292 208.669897 2.000000
327.891697 188.902527 2.000000
298.108303 180.328520 2.000000
313.902527 165.436823 2.000000
29.155235 100.906137 3.000000
53.974729 99.101083 3.000000
29.155235 116.249097 3.000000
54.425993 113.992780 3.000000
59.389892 127.981949 3.000000
63.902527 141.068592 3.000000
6.592058 125.725632 3.000000
20.306416 148.167796 3.000000
7.043321 152.801444 3.000000
12.909747 161.826715 3.000000
86.935107 98.649819 3.000000
76.556045 98.649819 3.000000
90.093952 113.090253 3.000000
107.990694 104.516245 3.000000
103.301607 95.095150 3.000000
96.378854 85.200139 3.000000
78.812363 65.256318 3.000000
81.971208 6.592058 3.000000
94.155323 22.837545 3.000000
90.093952 32.765343 3.000000
205.166154 155.057762 3.000000
219.155323 159.119134 3.000000
53.476032 240.258345 3.000000
42.139004 225.278422 3.000000
41.357490 206.953069 3.000000
40.003699 193.866426 3.000000
45.055824 182.221800 3.000000
38.110419 180.295733 3.000000
258.883870 202.891697 3.000000
260.688924 209.209386 3.000000
248.053545 169.949458 3.000000
237.223220 163.180505 3.000000
267.457877 161.826715 3.000000
324.317083 6.140794 3.000000
337.854989 25.093863 3.000000
455.599278 79.696751 3.000000
479.967509 71.574007 3.000000
443.866426 93.234657 3.000000
348.198556 63.902527 3.000000
363.090253 69.768953 3.000000
357.675090 90.075812 3.000000
373.920578 93.234657 3.000000
383.397112 104.064982 3.000000
396.935018 95.490975 3.000000
410.472924 103.613718 3.000000
415.888087 97.747292 3.000000
426.267148 109.931408 3.000000
449.281588 109.480144 3.000000
469.588448 114.444043 3.000000
464.173285 121.664260 3.000000
481.354086 116.821374 3.000000
473.198556 143.324910 3.000000
479.064982 150.996390 3.000000
486.285199 153.703971 3.000000
488.992780 163.180505 3.000000
462.819495 154.606498 3.000000
460.111913 142.422383 3.000000
444.317690 152.801444 3.000000
442.963899 133.848375 3.000000
434.841155 135.653430 3.000000
423.559567 128.433213 3.000000
433.487365 124.823105 3.000000
412.729242 125.725632 3.000000
403.703971 137.909747 3.000000
395.581227 132.945848 3.000000
382.043321 126.176895 3.000000
367.943273 131.801296 3.000000
384.299639 145.581227 3.000000
342.783394 120.310469 3.000000
336.916968 107.223827 3.000000
344.137184 95.490975 3.000000
334.209386 130.689531 3.000000
312.097473 127.530686 3.000000
299.010830 148.288809 3.000000
325.635379 150.545126 3.000000
334.660650 144.678700 3.000000
353.162455 138.812274 3.000000
356.321300 148.288809 3.000000
361.736462 154.155235 3.000000
372.566787 155.057762 3.000000
362.638989 164.083032 3.000000
354.967509 161.826715 3.000000
331.953069 159.570397 3.000000
323.379061 165.436823 3.000000
352.259928 183.036101 3.000000
363.090253 182.584838 3.000000
369.859206 174.913357 3.000000
384.750903 185.292419 3.000000
390.166065 178.974729 3.000000
392.873646 192.512635 3.000000
400.545126 201.086643 3.000000
415.888087 179.425993 3.000000
413.180505 163.631769 3.000000
400.996390 164.534296 3.000000
426.718412 183.036101 3.000000
439.805054 183.938628 3.000000
457.855596 164.534296 3.000000
448.830325 203.342960 3.000000
433.487365 224.552347 3.000000
424.913357 222.747292 3.000000
421.303249 141.971119 3.000000
89.642688 46.754513 4.000000
338.588445 204.494294 0.000000
326.819544 204.494294 0.000000
312.197575 205.207561 0.000000
302.211840 206.277461 0.000000
284.736805 213.766762 0.000000
271.184736 223.039230 0.000000
262.268902 236.234665 0.000000
254.779601 249.073466 0.000000
235.878031 271.541369 0.000000
228.388730 288.659772 0.000000
225.892297 272.611270 0.000000
210.913695 282.953638 0.000000
202.354494 298.645506 0.000000
233.381598 309.344508 0.000000
359.629815 211.270328 0.000000
351.427247 205.564194 0.000000
375.678317 218.759629 0.000000
386.733951 229.458631 0.000000
386.377318 250.500000 0.000000
392.796719 271.184736 0.000000
388.873752 282.953638 0.000000
378.531384 294.722539 0.000000
377.461484 310.057775 0.000000
358.916548 324.323110 0.000000
381.741084 346.137106 0.000000
381.741084 361.115708 0.000000
374.608417 325.809003 0.000000
399.929387 317.606435 0.000000
347.504280 339.004438 0.000000
342.511412 346.493739 0.000000
330.029244 353.983040 0.000000
311.840942 365.751942 0.000000
294.365906 369.318276 0.000000
286.163338 367.178475 0.000000
276.534237 370.388176 0.000000
265.835235 362.542241 0.000000
259.059201 372.884609 0.000000
254.066334 358.262641 0.000000
240.870899 350.773340 0.000000
232.668331 351.129973 0.000000
228.032097 336.151371 0.000000
247.290300 363.255508 0.000000
239.087732 370.744809 0.000000
328.959344 384.296878 0.000000
312.910842 393.925979 0.000000
322.183310 383.940244 0.000000
363.196148 371.814709 0.000000
369.258916 401.415280 0.000000
381.384451 409.261214 0.000000
439.515692 404.981614 0.000000
492.832382 299.156475 0.000000
479.636947 246.731368 0.000000
451.462910 254.577303 0.000000
442.903709 248.157902 0.000000
435.414408 239.955334 0.000000
446.826676 232.822666 0.000000
408.310271 236.032367 0.000000
402.960770 251.724235 0.000000
426.498573 268.486004 0.000000
416.512839 300.939642 0.000000
461.448645 376.545919 0.000000
463.588445 450.369029 0.000000
499.251783 462.518545 0.000000
486.412981 475.000713 0.000000
472.504280 479.993581 0.000000
452.176177 484.273181 0.000000
437.554208 489.622682 0.000000
429.708274 495.328816 0.000000
403.674037 478.567047 0.000000
394.401569 482.133381 0.000000
368.723966 463.945078 0.000000
371.933666 471.077746 0.000000
378.709700 435.771041 0.000000
358.024964 438.267475 0.000000
358.738231 448.609843 0.000000
347.682596 453.246077 0.000000
350.892297 458.595578 0.000000
353.032097 468.581312 0.000000
332.703994 458.238944 0.000000
323.074893 443.260342 0.000000
320.578459 428.995007 0.000000
312.375892 431.491441 0.000000
303.816690 428.995007 0.000000
306.669757 415.086305 0.000000
311.305991 409.380171 0.000000
322.004993 415.799572 0.000000
312.375892 448.966476 0.000000
305.599857 444.330243 0.000000
298.467190 460.378745 0.000000
303.816690 463.945078 0.000000
309.879458 483.203281 0.000000
281.348787 463.588445 0.000000
278.139087 440.050642 0.000000
286.698288 445.043509 0.000000
286.698288 434.701141 0.000000
282.062054 428.638374 0.000000
269.579886 424.715407 0.000000
257.454351 427.568474 0.000000
258.880884 440.407275 0.000000
256.027817 412.233238 0.000000
286.341655 404.743937 0.000000
240.692582 420.079173 0.000000
242.832382 428.281740 0.000000
238.909415 436.484308 0.000000
232.133381 428.638374 0.000000
222.504280 431.848074 0.000000
228.923680 444.330243 0.000000
208.238944 434.344508 0.000000
201.819544 421.862340 0.000000
206.455777 415.442939 0.000000
206.455777 394.758203 0.000000
216.084879 399.037803 0.000000
227.853780 402.960770 0.000000
227.140514 414.016405 0.000000
226.427247 393.688302 0.000000
226.070613 380.492867 0.000000
224.644080 369.080599 0.000000
208.595578 370.507133 0.000000
202.176177 355.885164 0.000000
211.448645 341.619829 0.000000
192.547076 348.395863 0.000000
190.407275 355.885164 0.000000
192.547076 366.227532 0.000000
185.057775 363.374465 0.000000
176.498573 351.248930 0.000000
179.708274 344.472896 0.000000
165.799572 342.689729 0.000000
150.820970 343.046362 0.000000
146.184736 354.101997 0.000000
162.589872 376.213267 0.000000
190.407275 405.100571 0.000000
178.638374 396.898003 0.000000
176.498573 375.143367 0.000000
182.917974 372.290300 0.000000
195.756776 388.338802 0.000000
187.197575 419.009272 0.000000
195.756776 419.009272 0.000000
182.917974 427.568474 0.000000
170.792439 423.645506 0.000000
188.267475 457.525678 0.000000
196.826676 481.776748 0.000000
216.798146 466.798146 0.000000
212.875178 450.749643 0.000000
243.189016 460.735378 0.000000
248.538516 463.588445 0.000000
169.009272 474.287447 0.000000
242.475749 401.890870 0.000000
290.977889 386.555635 0.000000
303.816690 495.685449 0.000000
290.621255 490.335949 0.000000
278.852354 484.986448 0.000000
263.873752 491.049215 0.000000
251.391583 488.909415 0.000000
241.762482 478.923680 0.000000
233.203281 489.622682 0.000000
219.294579 496.042083 0.000000
391.548502 496.042083 0.000000
381.562767 447.539943 0.000000
140.835235 477.497147 0.000000
153.317404 463.588445 0.000000
157.240371 444.330243 0.000000
155.457204 419.722539 0.000000
165.442939 404.387304 0.000000
153.317404 387.625535 0.000000
149.037803 372.290300 0.000000
132.276034 353.032097 0.000000
120.150499 346.612696 0.000000
108.738231 334.130528 0.000000
89.836662 332.703994 0.000000
68.438659 326.641227 0.000000
54.886591 326.284593 0.000000
42.761056 322.718260 0.000000
23.502853 326.284593 0.000000
121.577033 486.412981 0.000000
114.800999 497.111983 0.000000
10.664051 498.895150 0.000000
9.950785 259.237518 0.000000
65.228959 256.384451 0.000000
72.004993 268.509986 0.000000
78.067760 279.208987 0.000000
94.472896 299.180456 0.000000
109.094864 308.096291 0.000000
124.786733 312.732525 0.000000
146.184736 317.725392 0.000000
169.009272 320.578459 0.000000
189.337375 314.159058 0.000000
91.263195 316.655492 0.000000
67.725392 305.599857 0.000000
46.327389 302.746790 0.000000
29.922254 299.893723 0.000000
4.957917 299.180456 0.000000
20.649786 287.768188 0.000000
28.852354 275.642653 0.000000
19.223252 271.006419 0.000000
39.315548 271.196916 0.000000
50.606990 276.712553 0.000000
21.006419 247.573089 0.000000
74.099727 135.062842 0.000000
75.465847 39.092896 0.000000
426.900273 151.114754 0.000000
353.471311 82.467213 0.000000
345.274590 131.647541 0.000000
284.482240 170.240437 0.000000
313.512295 421.606557 0.000000
94.591530 264.502732 0.000000
43.362022 263.136612 0.000000
28.676230 304.120219 0.000000
346.640710 491.278689 0.000000
