26.000000 305.000000 2.000000
31.000000 290.000000 2.000000
47.000000 308.000000 2.000000
48.000000 330.000000 2.000000
64.000000 453.000000 2.000000
76.000000 265.000000 2.000000
87.000000 250.000000 2.000000
96.000000 460.000000 2.000000
97.000000 478.000000 2.000000
100.000000 253.000000 2.000000
100.000000 379.000000 2.000000
107.000000 228.000000 2.000000
110.000000 474.000000 2.000000
117.000000 252.000000 2.000000
140.000000 260.000000 2.000000
151.000000 294.000000 2.000000
151.000000 365.000000 2.000000
160.000000 393.000000 2.000000
160.000000 419.000000 2.000000
161.000000 270.000000 2.000000
179.000000 241.000000 2.000000
192.000000 251.000000 2.000000
198.000000 211.000000 2.000000
209.000000 201.000000 2.000000
216.000000 252.000000 2.000000
224.000000 227.000000 2.000000
245.000000 238.000000 2.000000
250.000000 200.000000 2.000000
258.000000 177.000000 2.000000
260.000000 218.000000 2.000000
274.000000 190.000000 2.000000
278.000000 213.000000 2.000000
286.000000 490.000000 2.000000
291.000000 449.000000 2.000000
294.000000 10.000000 2.000000
296.000000 322.000000 2.000000
298.000000 211.000000 2.000000
304.000000 471.000000 2.000000
305.000000 305.000000 2.000000
327.000000 211.000000 2.000000
336.000000 282.000000 2.000000
346.000000 209.000000 2.000000
355.000000 227.000000 2.000000
362.000000 234.000000 2.000000
372.000000 210.000000 2.000000
374.000000 431.000000 2.000000
389.000000 190.000000 2.000000
394.000000 183.000000 2.000000
406.000000 108.000000 2.000000
409.000000 185.000000 2.000000
415.000000 226.000000 2.000000
417.000000 202.000000 2.000000
417.000000 418.000000 2.000000
437.000000 8.000000 2.000000
441.000000 227.000000 2.000000
449.000000 184.000000 2.000000
456.000000 415.000000 2.000000
464.000000 180.000000 2.000000
465.000000 226.000000 2.000000
470.000000 401.000000 2.000000
490.000000 211.000000 2.000000
494.000000 169.000000 2.000000
104.000000 425.000000 3.000000
311.619205 496.238411 3.000000
372.000000 238.000000 3.000000
392.000000 221.000000 3.000000
19.000000 270.000000 4.000000
53.000000 120.000000 4.000000
69.000000 213.000000 4.000000
100.000000 143.000000 4.000000
123.000000 123.000000 4.000000
130.000000 113.000000 4.000000
148.000000 26.000000 4.000000
185.000000 124.000000 4.000000
198.000000 169.000000 4.000000
203.000000 460.000000 4.000000
220.000000 450.000000 4.000000
361.000000 34.000000 4.000000
387.000000 4.000000 4.000000
394.000000 336.000000 4.000000
467.000000 475.000000 4.000000
471.000000 451.000000 4.000000
476.000000 462.000000 4.000000
494.000000 317.000000 4.000000
