456.050542 29.606498 1.000000
398.288809 1.176895 1.000000
493.505415 2.530686 1.000000
478.613718 43.595668 1.000000
482.223827 58.487365 1.000000
470.039711 51.267148 1.000000
472.747292 71.574007 1.000000
457.855596 81.050542 1.000000
440.256318 71.574007 1.000000
433.036101 58.487365 1.000000
416.790614 58.036101 1.000000
441.158845 51.718412 1.000000
395.129964 50.364621 1.000000
330.599278 25.093863 1.000000
338.722022 34.119134 1.000000
316.158845 13.361011 1.000000
304.877256 3.884477 1.000000
289.534296 18.324910 1.000000
276.898917 5.238267 1.000000
321.930641 37.066831 1.000000
469.137184 114.444043 1.000000
443.247789 137.211287 1.000000
441.610108 153.252708 1.000000
440.256318 111.285199 1.000000
415.436823 106.321300 1.000000
418.595668 90.978339 1.000000
378.840702 77.178430 1.000000
357.675090 67.061372 1.000000
340.075812 65.256318 1.000000
330.148014 79.245487 1.000000
318.749909 64.877797 1.000000
311.529692 47.897156 1.000000
278.703971 51.267148 1.000000
293.144404 72.025271 1.000000
275.093863 79.245487 1.000000
244.859206 69.768953 1.000000
248.018051 3.433213 1.000000
225.003610 5.238267 1.000000
184.863042 5.573013 1.000000
168.144404 7.043321 1.000000
147.837545 14.263538 1.000000
129.335740 49.462094 1.000000
140.166065 58.487365 1.000000
164.083032 89.173285 1.000000
178.974729 94.137184 1.000000
212.819495 109.028881 1.000000
242.457402 108.388357 1.000000
243.505415 92.332130 1.000000
242.151625 132.043321 1.000000
220.490975 121.664260 1.000000
214.173285 134.299639 1.000000
200.635379 133.848375 1.000000
211.465704 154.155235 1.000000
225.862363 166.339350 1.000000
227.259928 147.837545 1.000000
256.140794 174.913357 1.000000
265.762814 190.285286 1.000000
286.375451 163.180505 1.000000
286.826715 155.057762 1.000000
261.555957 151.447653 1.000000
319.768953 188.451264 1.000000
284.570397 191.158845 1.000000
141.971119 139.263538 1.000000
185.743682 153.703971 1.000000
193.866426 167.693141 1.000000
117.049913 200.023824 1.000000
108.126354 184.389892 1.000000
98.649819 174.462094 1.000000
102.259928 155.509025 1.000000
114.444043 154.606498 1.000000
115.797834 144.678700 1.000000
116.249097 120.761733 1.000000
82.404332 80.148014 1.000000
87.819495 66.610108 1.000000
81.501805 52.147788 1.000000
52.169675 5.238267 1.000000
0.725632 14.714801 1.000000
22.386282 36.375451 1.000000
13.361011 105.870036 1.000000
44.046931 100.454874 1.000000
68.415162 150.545126 1.000000
64.353791 177.620939 1.000000
68.415162 190.256318 1.000000
63.000000 198.830325 1.000000
115.797834 218.234657 1.000000
139.380055 230.702663 1.000000
156.862816 235.833935 1.000000
171.754513 238.090253 1.000000
191.610108 238.992780 1.000000
26.898917 245.361325 1.000000
27.350181 216.429603 1.000000
53.072202 215.527076 1.000000
44.046931 173.559567 1.000000
9.634385 153.325450 1.000000
25.093863 160.472924 1.000000
422.657040 145.684997 1.000000
428.072202 161.027957 1.000000
420.851986 169.601965 1.000000
422.205776 179.078499 1.000000
409.119134 181.786080 1.000000
399.642599 185.847452 1.000000
383.397112 188.555033 1.000000
369.859206 189.006297 1.000000
358.577617 190.360087 1.000000
353.613718 216.533373 1.000000
349.268456 241.782244 1.000000
325.635379 243.157921 1.000000
359.647517 320.847993 1.000000
383.535517 254.796143 1.000000
403.252708 210.215683 1.000000
422.657040 201.190412 1.000000
434.244406 197.034410 1.000000
451.537906 202.092939 1.000000
457.215072 217.028411 1.000000
473.198556 188.103770 1.000000
459.616875 181.953453 1.000000
442.963899 178.627235 1.000000
465.978339 171.858282 1.000000
474.552347 173.212073 1.000000
487.784475 184.566404 1.000000
437.548736 314.908824 1.000000
228.605090 220.073762 1.000000
205.445164 230.241676 1.000000
215.969711 248.052101 1.000000
215.067184 259.333690 1.000000
251.619530 251.210946 1.000000
237.630361 270.164014 1.000000
251.619530 273.322859 1.000000
267.865018 266.553906 1.000000
223.189928 280.994339 1.000000
249.173952 317.124391 1.000000
263.352382 317.546686 1.000000
284.110505 319.803004 1.000000
298.550938 314.387841 1.000000
300.355992 292.275928 1.000000
312.540108 299.044881 1.000000
312.540108 311.680260 1.000000
223.306445 198.558598 1.000000
342.323502 397.420332 1.000000
356.763935 393.810224 1.000000
377.070794 402.384231 1.000000
194.419401 309.156857 1.000000
184.389892 318.415162 1.000000
211.014440 310.292419 1.000000
211.465704 335.563177 1.000000
238.992780 336.014440 1.000000
211.109071 363.541516 1.000000
169.498195 343.685921 1.000000
158.667870 327.891697 1.000000
59.841155 316.610108 1.000000
54.615253 283.478610 1.000000
207.404332 375.274368 1.000000
296.805368 470.490975 1.000000
354.967509 441.610108 1.000000
345.942238 435.292419 1.000000
331.501805 424.462094 1.000000
326.537906 411.826715 1.000000
373.018051 454.696751 1.000000
326.086643 489.895307 1.000000
117.602888 482.675090 1.000000
74.354331 457.972113 1.000000
47.205776 460.563177 1.000000
60.743682 468.234657 1.000000
68.866426 476.357401 1.000000
81.050542 487.187726 1.000000
94.588448 493.054152 1.000000
106.772563 481.772563 1.000000
130.238267 243.505415 2.000000
93.787632 236.925722 2.000000
78.794224 247.115523 2.000000
418.879558 262.991630 2.000000
497.639530 250.873176 2.000000
464.624549 265.269835 2.000000
454.434748 279.331747 2.000000
278.527970 230.430936 2.000000
274.422823 210.313337 2.000000
332.184556 354.863155 2.000000
114.415075 330.599278 2.000000
102.259928 313.902527 2.000000
253.433213 426.267148 2.000000
272.386282 419.498195 2.000000
272.386282 427.169675 2.000000
485.790161 146.083347 3.000000
173.559567 142.422383 3.000000
163.631769 114.895307 3.000000
181.682310 119.859206 3.000000
148.288809 104.064982 3.000000
76.537906 171.303249 3.000000
194.936326 252.152165 3.000000
343.685921 208.410629 3.000000
333.306859 207.959365 3.000000
315.067057 244.962976 3.000000
302.620939 239.547813 3.000000
302.620939 247.721412 3.000000
301.267148 257.147091 3.000000
313.495038 262.038247 3.000000
338.438131 266.339735 3.000000
350.454874 266.623625 3.000000
354.967509 271.136261 3.000000
348.198556 282.869113 3.000000
330.599278 284.674167 3.000000
355.753519 304.195016 3.000000
344.137184 298.212073 3.000000
338.722022 308.139871 3.000000
378.979107 303.037567 3.000000
372.566787 268.428680 3.000000
489.254783 200.688293 3.000000
495.834476 273.559951 3.000000
484.050768 276.740683 3.000000
267.413754 230.001560 3.000000
271.926390 218.268708 3.000000
251.875986 216.244186 0.000000
332.846967 337.402282 3.000000
339.164657 368.299350 3.000000
356.763935 366.283148 3.000000
305.552926 403.119385 3.000000
297.080630 395.164014 3.000000
213.532761 326.254016 3.000000
171.754513 359.931408 3.000000
146.105234 349.435829 3.000000
269.227437 358.126354 3.000000
275.545126 394.227437 3.000000
292.693141 356.321300 3.000000
364.895307 467.332130 3.000000
357.675090 483.126354 3.000000
341.880866 474.552347 3.000000
329.696751 465.527076 3.000000
37.110605 370.193952 3.000000
433.487365 30.509025 4.000000
426.718412 19.227437 4.000000
429.425993 8.397112 4.000000
90.978339 11.104693 4.000000
179.425993 252.981949 4.000000
177.169675 267.873646 4.000000
32.765343 134.299639 4.000000
33.216606 125.274368 4.000000
382.472698 314.908824 4.000000
131.140794 340.075812 4.000000
68.415162 358.126354 4.000000
113.992780 355.418773 4.000000
120.761733 369.859206 4.000000
142.633530 365.797834 4.000000
143.776173 378.433213 4.000000
141.068592 394.678700 4.000000
129.787004 386.104693 4.000000
115.164092 384.092502 0.000000
86.929297 387.714940 0.000000
74.303476 391.949232 4.000000
63.000000 406.411552 4.000000
50.815884 393.324910 4.000000
157.314079 414.985560 4.000000
181.231047 389.263538 4.000000
183.036101 424.010830 4.000000
138.361011 411.375451 4.000000
130.287586 423.853011 0.000000
275.807130 373.134568 4.000000
257.327212 372.472157 4.000000
269.678700 485.833935 4.000000
283.216606 487.187726 4.000000
261.104693 489.444043 4.000000
261.555957 476.357401 4.000000
257.494585 461.465704 4.000000
245.026579 434.986641 4.000000
227.259928 424.462094 4.000000
223.649819 449.281588 4.000000
225.003610 434.389892 4.000000
170.851986 435.292419 4.000000
164.083032 427.169675 4.000000
163.180505 472.296029 4.000000
171.303249 478.162455 4.000000
144.678700 497.115523 4.000000
136.104693 468.685921 4.000000
146.483755 462.819495 4.000000
81.050542 442.963899 4.000000
98.198556 449.732852 4.000000
89.173285 460.563177 4.000000
102.711191 465.075812 4.000000
112.187726 456.953069 4.000000
62.097473 446.122744 4.000000
61.646209 438.451264 4.000000
38.180505 418.595668 4.000000
60.292419 456.501805 4.000000
72.927798 371.664260 4.000000
12.458484 382.043321 4.000000
170.044089 109.123511 4.000000
320.671480 218.789690 4.000000
434.584699 455.418033 0.000000
405.896175 438.341530 0.000000
392.918033 451.319672 0.000000
438.683060 483.423497 0.000000
457.125683 475.226776 0.000000
459.174863 494.352459 0.000000
405.213115 482.057377 0.000000
379.256831 483.423497 0.000000
469.420765 425.363388 0.000000
472.153005 402.822404 0.000000
436.633880 400.773224 0.000000
445.513661 377.549180 0.000000
429.803279 346.128415 0.000000
397.699454 339.297814 0.000000
388.819672 324.953552 0.000000
402.480874 318.806011 0.000000
412.726776 309.243169 0.000000
494.010929 365.937158 0.000000
457.808743 361.155738 0.000000
462.590164 388.478142 0.000000
474.202186 387.112022 0.000000
478.983607 420.581967 0.000000
417.508197 381.647541 0.000000
402.480874 358.423497 0.000000
484.448087 490.937158 0.000000
304.120219 416.483607 0.000000
310.950820 421.948087 0.000000
25.602459 486.838798 0.000000
35.165301 485.131148 0.000000
27.993169 456.101093 0.000000
9.209016 455.076503 0.000000
4.769126 423.314208 0.000000
24.919399 412.385246 0.000000
10.575137 491.961749 0.000000
26.285519 351.251366 0.000000
40.629781 344.420765 0.000000
28.676230 335.882514 0.000000
3.403005 331.101093 0.000000
2.378415 349.202186 0.000000
10.233607 286.702186 0.000000
1.695355 275.431694 0.000000
476.251366 331.101093 0.000000
300.021858 225.226776 0.000000
246.743169 179.461749 0.000000
134.038251 105.008197 0.000000
131.989071 194.489071 0.000000
25.431694 283.286885 0.000000
