75.635379 51.267148 2.000000
203.342960 73.830325 2.000000
223.198556 79.245487 2.000000
230.870036 115.797834 2.000000
141.068592 169.949458 2.000000
122.115523 153.703971 2.000000
38.631769 128.433213 2.000000
316.624767 127.530686 2.000000
299.476752 125.274368 2.000000
295.415381 109.480144 2.000000
226.372059 28.252708 2.000000
322.491193 71.574007 2.000000
344.151843 61.646209 2.000000
323.844983 38.631769 2.000000
238.556175 138.812274 2.000000
251.642817 122.115523 2.000000
380.238267 4.787004 2.000000
382.945848 21.032491 2.000000
442.512635 37.277978 2.000000
463.722022 62.548736 2.000000
461.014440 32.765343 2.000000
345.490975 128.433213 2.000000
51.718412 19.227437 3.000000
30.960289 22.386282 3.000000
29.155235 43.144404 3.000000
50.364621 58.036101 3.000000
99.552347 51.718412 3.000000
106.321300 56.682310 3.000000
122.115523 38.631769 3.000000
105.870036 11.555957 3.000000
186.194946 12.458484 3.000000
187.548736 32.765343 3.000000
194.317690 85.111913 3.000000
222.747292 91.880866 3.000000
202.440433 123.920578 3.000000
187.548736 131.592058 3.000000
178.974729 111.736462 3.000000
180.779783 155.960289 3.000000
159.119134 155.057762 3.000000
155.960289 167.693141 3.000000
95.490975 132.945848 3.000000
18.985412 138.393797 3.000000
8.848375 192.512635 3.000000
28.703971 188.000000 3.000000
45.400722 202.440433 3.000000
272.400940 143.324910 3.000000
326.101301 160.924188 3.000000
364.007438 183.036101 3.000000
351.372059 114.895307 3.000000
323.393720 91.429603 3.000000
246.678918 69.317690 3.000000
252.094081 57.133574 3.000000
270.595886 60.292419 3.000000
277.816103 28.703971 3.000000
250.740290 158.667870 3.000000
266.985778 169.498195 3.000000
408.667870 75.184116 3.000000
417.693141 95.942238 3.000000
400.093863 55.779783 3.000000
433.938628 10.202166 3.000000
497.115523 55.240294 3.000000
494.407942 76.537906 3.000000
487.187726 38.631769 4.000000
488.574303 84.000148 4.000000
92.200820 83.491803 0.000000
75.807377 93.737705 0.000000
136.941257 11.428962 0.000000
229.154372 163.409836 0.000000
