476.357401 59.841155 1.000000
490.797834 86.916968 1.000000
497.566787 14.714801 1.000000
472.296029 238.541516 1.000000
454.696751 219.588448 1.000000
488.541516 206.953069 1.000000
485.833935 177.620939 1.000000
462.368231 164.534296 1.000000
424.010830 154.155235 1.000000
430.328520 179.425993 1.000000
446.574007 153.252708 1.000000
433.938628 211.465704 1.000000
409.119134 229.516245 1.000000
412.729242 194.768953 1.000000
404.606498 168.144404 1.000000
375.725632 158.216606 1.000000
357.531425 162.663669 1.000000
366.249097 167.693141 1.000000
363.090253 183.487365 1.000000
341.429603 175.651951 1.000000
337.819495 192.963899 1.000000
330.599278 208.758123 1.000000
367.602888 200.635379 1.000000
377.981949 194.317690 1.000000
387.458484 221.393502 1.000000
374.371841 232.223827 1.000000
356.772563 225.454874 1.000000
362.187726 253.433213 1.000000
370.310469 270.129964 1.000000
408.216606 252.530686 1.000000
428.523466 266.519856 1.000000
429.877256 283.667870 1.000000
406.419887 304.645766 1.000000
387.015555 301.486921 1.000000
379.795338 284.338907 1.000000
418.604002 311.414719 1.000000
412.737576 322.696307 1.000000
425.372955 338.039268 1.000000
442.972233 321.793780 1.000000
451.094977 342.551903 1.000000
465.986674 355.638546 1.000000
463.279092 374.591614 1.000000
447.033605 363.310026 1.000000
468.694255 388.129520 1.000000
481.780897 397.154791 1.000000
499.831439 403.923744 1.000000
487.647323 376.396668 1.000000
409.805540 50.590253 1.000000
380.022146 26.222022 1.000000
375.509511 71.348375 1.000000
345.726117 5.463899 1.000000
328.578103 41.564982 1.000000
301.502291 33.442238 1.000000
310.527561 13.586643 1.000000
256.375937 27.124549 1.000000
257.036439 13.168166 1.000000
230.202652 21.709386 1.000000
215.762218 5.463899 1.000000
102.043807 45.175090 1.000000
102.043807 65.933213 1.000000
121.899403 79.471119 1.000000
100.238753 91.203971 1.000000
140.852471 111.059567 1.000000
116.484240 130.915162 1.000000
127.314565 124.597473 1.000000
150.780269 128.207581 1.000000
136.339836 139.940433 1.000000
144.462579 162.503610 1.000000
130.924673 154.380866 1.000000
104.751388 156.185921 1.000000
115.581713 175.138989 1.000000
128.217092 206.727437 1.000000
150.780269 203.117329 1.000000
170.635865 210.337545 1.000000
180.563663 190.481949 1.000000
203.015961 194.157631 1.000000
216.664746 208.532491 1.000000
230.202652 220.265343 1.000000
206.736948 241.925993 1.000000
224.787489 237.413357 1.000000
248.253193 242.828520 1.000000
240.130450 261.781588 1.000000
252.765829 271.709386 1.000000
269.913843 261.781588 1.000000
280.744168 276.222022 1.000000
269.913843 292.467509 1.000000
269.913843 315.933213 1.000000
252.765829 319.543321 1.000000
244.643085 333.081227 1.000000
237.422868 321.348375 1.000000
224.787489 327.666065 1.000000
210.347056 307.810469 1.000000
228.397598 306.005415 1.000000
201.321785 287.954874 1.000000
213.957164 272.611913 1.000000
203.126839 263.586643 1.000000
154.390377 239.218412 1.000000
148.975215 221.167870 1.000000
142.657525 235.608303 1.000000
122.801930 248.243682 1.000000
108.361496 229.290614 1.000000
71.122744 114.444043 1.000000
73.830325 100.906137 1.000000
69.768953 161.826715 1.000000
17.422383 160.924188 1.000000
17.873646 197.927798 1.000000
12.007220 208.306859 1.000000
38.631769 205.148014 1.000000
77.440433 186.646209 1.000000
94.137184 196.122744 1.000000
115.797834 187.097473 1.000000
82.855596 251.628159 1.000000
68.866426 234.480144 1.000000
55.779783 248.469314 1.000000
67.512635 261.555957 1.000000
45.851986 268.776173 1.000000
70.671480 275.545126 1.000000
127.981949 254.335740 1.000000
27.350181 275.072241 1.000000
6.592058 278.682349 1.000000
12.909747 304.404371 1.000000
196.122744 316.588487 1.000000
206.050542 330.126393 1.000000
199.732852 344.566826 1.000000
183.036101 333.285238 1.000000
175.364621 358.555996 1.000000
172.657040 374.801483 1.000000
143.776173 386.083072 1.000000
126.628159 389.693180 1.000000
117.151625 394.657079 1.000000
106.321300 419.476573 1.000000
86.014440 417.220256 1.000000
81.953069 404.133613 1.000000
48.108303 417.220256 1.000000
64.805054 436.624588 1.000000
271.483755 348.198556 1.000000
286.375451 337.368231 1.000000
308.036101 341.429603 1.000000
325.184116 359.480144 1.000000
303.974729 377.079422 1.000000
311.646209 392.873646 1.000000
335.111913 390.617329 1.000000
310.743682 412.729242 1.000000
293.144404 400.996390 1.000000
272.386282 404.155235 1.000000
287.729242 427.620939 1.000000
259.299639 410.472924 1.000000
256.592058 385.653430 1.000000
260.653430 359.931408 1.000000
276.898917 385.202166 1.000000
225.454874 374.823105 1.000000
216.880866 385.653430 1.000000
226.808664 396.483755 1.000000
220.490975 409.119134 1.000000
193.866426 409.119134 1.000000
189.353791 430.328520 1.000000
199.732852 428.523466 1.000000
222.296029 433.938628 1.000000
194.768953 443.415162 1.000000
437.790762 77.616885 2.000000
470.048045 409.338907 2.000000
429.434327 412.497751 2.000000
406.419887 387.678257 2.000000
392.881980 363.761289 2.000000
378.892811 386.324466 2.000000
364.903641 357.443600 2.000000
315.942724 99.326715 2.000000
256.375937 75.861011 2.000000
286.159330 112.864621 2.000000
231.105179 82.178700 2.000000
178.758608 74.958484 2.000000
169.733338 63.225632 2.000000
200.419258 30.734657 2.000000
259.083518 126.402527 2.000000
312.332616 143.550542 2.000000
342.116009 137.232852 2.000000
262.935652 140.908534 2.000000
221.177381 138.135379 2.000000
181.466190 106.546931 2.000000
167.025756 95.716606 2.000000
264.498681 195.897112 2.000000
267.206262 210.337545 2.000000
285.256803 191.384477 2.000000
481.772563 153.252708 3.000000
157.824034 290.596882 3.000000
86.916968 120.310469 3.000000
84.660650 135.202166 3.000000
33.667870 344.566826 3.000000
498.905723 297.233159 4.000000
498.905723 306.709693 4.000000
484.916553 301.745794 4.000000
473.183701 281.890199 4.000000
163.657673 274.835444 4.000000
21.307303 324.711230 4.000000
34.570397 315.685960 4.000000
44.949458 341.407981 4.000000
57.584838 347.274407 4.000000
78.342960 345.920617 4.000000
75.184116 333.285238 4.000000
85.563177 362.617368 4.000000
109.931408 338.249136 4.000000
110.382671 323.808703 4.000000
118.054152 316.137223 4.000000
103.613718 311.173324 4.000000
132.141681 324.711230 4.000000
121.212996 289.512674 4.000000
100.906137 290.866465 4.000000
81.953069 305.306898 4.000000
73.075137 12.112022 0.000000
76.831967 22.357923 0.000000
92.883880 27.480874 0.000000
117.815574 22.357923 0.000000
140.015027 30.896175 0.000000
187.146175 46.948087 0.000000
54.974044 144.284153 0.000000
71.025956 146.333333 0.000000
37.556011 149.407104 0.000000
187.146175 153.846995 0.000000
184.413934 173.997268 0.000000
490.766393 464.297814 0.000000
477.788251 467.030055 0.000000
477.788251 446.538251 0.000000
463.443989 455.076503 0.000000
462.077869 469.420765 0.000000
459.687158 483.081967 0.000000
414.263661 478.642077 0.000000
416.995902 455.076503 0.000000
412.897541 438.000000 0.000000
393.771858 434.243169 0.000000
388.307377 460.199454 0.000000
390.015027 477.275956 0.000000
389.331967 492.644809 0.000000
355.862022 467.371585 0.000000
363.717213 455.418033 0.000000
372.255464 428.095628 0.000000
361.668033 411.019126 0.000000
341.517760 423.997268 0.000000
326.148907 435.609290 0.000000
321.709016 458.491803 0.000000
318.976776 481.032787 0.000000
278.676230 466.688525 0.000000
272.187158 489.571038 0.000000
245.042061 481.715847 0.000000
213.962826 485.814208 0.000000
225.916378 475.909836 0.000000
212.255176 471.128415 0.000000
199.618564 469.420765 0.000000
197.910914 484.789617 0.000000
212.938236 497.767760 0.000000
184.591242 476.934426 0.000000
163.074848 474.202186 0.000000
162.733318 494.010929 0.000000
180.151351 495.718579 0.000000
147.022936 482.057377 0.000000
138.484684 495.035519 0.000000
149.413646 461.907104 0.000000
115.083333 462.590164 0.000000
98.689891 464.980874 0.000000
88.443989 483.765027 0.000000
69.318306 457.808743 0.000000
38.922131 465.322404 0.000000
42.678962 449.953552 0.000000
33.116120 435.609290 0.000000
4.427596 429.803279 0.000000
66.244835 488.887978 0.000000
43.703852 491.620219 0.000000
58.048114 370.718579 0.000000
