6.961417 13.646886 2.000000
2.000000 65.000000 2.000000
3.506784 259.000000 2.000000
13.000000 44.000000 2.000000
15.000000 25.990955 2.000000
19.000000 61.000000 2.000000
24.000000 388.000000 2.000000
31.000000 60.000000 2.000000
57.000000 52.000000 2.000000
58.246608 105.488693 2.000000
59.000000 173.000000 2.000000
61.000000 277.000000 2.000000
62.000000 116.000000 2.000000
62.000000 465.744810 2.000000
78.000000 131.000000 2.000000
79.000000 367.902076 2.000000
90.000000 172.000000 2.000000
94.242085 85.739824 2.000000
112.000000 159.000000 2.000000
124.000000 284.000000 2.000000
134.000000 391.000000 2.000000
135.000000 51.000000 2.000000
135.000000 284.744347 2.000000
137.246608 77.255653 2.000000
140.000000 35.000000 2.000000
140.846794 55.944718 2.000000
147.251131 177.000000 2.000000
156.718868 41.548962 2.000000
153.000000 378.000000 2.000000
184.506784 27.744347 2.000000
222.000000 322.000000 2.000000
229.000000 182.000000 2.000000
242.246608 325.995477 2.000000
246.869912 18.493216 2.000000
267.000000 8.000000 2.000000
268.000000 368.000000 2.000000
271.009045 323.744347 2.000000
277.000000 474.000000 2.000000
278.000000 398.000000 2.000000
284.000000 370.000000 2.000000
286.246608 35.493680 2.000000
288.000000 377.000000 2.000000
303.246608 376.484171 2.000000
310.000000 150.000000 2.000000
315.000000 136.000000 2.000000
327.000000 325.000000 2.000000
327.000000 379.000000 2.000000
332.000000 365.000000 2.000000
338.493216 145.995477 2.000000
342.000000 380.000000 2.000000
346.623304 7.990955 2.000000
352.000000 491.000000 2.000000
372.000000 32.000000 2.000000
373.000000 483.000000 2.000000
405.000000 234.000000 2.000000
406.000000 368.000000 2.000000
415.000000 2.000000 2.000000
431.000000 471.000000 2.000000
432.246608 11.242085 2.000000
433.484171 237.502261 2.000000
438.000000 2.000000 2.000000
440.000000 365.000000 2.000000
444.000000 233.000000 2.000000
462.000000 346.000000 2.000000
493.000000 81.000000 2.000000
493.000000 332.000000 2.000000
41.000000 103.000000 3.000000
49.000000 89.000000 3.000000
74.000000 101.000000 3.000000
82.000000 384.000000 3.000000
88.000000 50.000000 3.000000
92.000000 11.000000 3.000000
98.000000 44.000000 3.000000
111.000000 42.000000 3.000000
112.000000 59.995477 3.000000
113.000000 168.000000 3.000000
114.000000 31.000000 3.000000
124.097924 62.293773 3.000000
127.000000 157.000000 3.000000
136.246608 161.246608 3.000000
148.000000 82.000000 3.000000
171.744347 16.251131 3.000000
179.000000 6.000000 3.000000
193.493216 16.618781 3.000000
197.000000 5.000000 3.000000
199.000000 37.000000 3.000000
204.242549 10.902540 3.000000
210.744347 18.125565 3.000000
214.000000 37.000000 3.000000
220.874435 45.242085 3.000000
223.000000 24.000000 3.000000
223.000000 36.000000 3.000000
227.618781 5.246608 3.000000
235.000000 26.493216 3.000000
238.506784 10.614259 3.000000
241.000000 126.000000 3.000000
241.000000 336.000000 3.000000
241.000000 375.000000 3.000000
246.000000 2.000000 3.000000
247.000000 35.000000 3.000000
255.000000 135.000000 3.000000
260.000000 42.000000 3.000000
269.000000 139.000000 3.000000
279.869912 42.995477 3.000000
281.000000 143.000000 3.000000
292.497739 5.242085 3.000000
298.246608 35.748869 3.000000
303.000000 45.000000 3.000000
306.623304 20.623304 3.000000
314.000000 31.000000 3.000000
315.000000 13.000000 3.000000
315.744347 55.618781 3.000000
320.000000 48.000000 3.000000
323.000000 125.000000 3.000000
325.000000 31.000000 3.000000
326.246608 41.121043 3.000000
328.381219 62.372173 3.000000
329.000000 118.000000 3.000000
330.000000 134.000000 3.000000
331.000000 107.000000 3.000000
334.000000 17.000000 3.000000
333.869912 27.995477 3.000000
335.000000 55.000000 3.000000
338.000000 115.744347 3.000000
342.000000 62.000000 3.000000
342.000000 75.000000 3.000000
344.000000 128.000000 3.000000
345.497739 97.995477 3.000000
347.000000 88.000000 3.000000
348.219431 68.195848 3.000000
352.000000 18.000000 3.000000
353.000000 107.000000 3.000000
352.995477 116.242085 3.000000
355.000000 42.000000 3.000000
356.000000 83.000000 3.000000
358.000000 10.000000 3.000000
359.000000 66.000000 3.000000
365.000000 75.000000 3.000000
366.000000 49.000000 3.000000
367.000000 2.000000 3.000000
373.000000 234.000000 3.000000
375.000000 11.000000 3.000000
377.000000 2.000000 3.000000
379.000000 58.000000 3.000000
379.000000 67.000000 3.000000
378.990955 17.744347 3.000000
385.000000 27.000000 3.000000
386.000000 8.000000 3.000000
388.000000 54.000000 3.000000
389.986432 33.251131 3.000000
399.000000 2.000000 3.000000
399.000000 20.000000 3.000000
399.000000 47.000000 3.000000
402.000000 35.000000 3.000000
410.000000 179.000000 3.000000
412.000000 46.000000 3.000000
411.493216 15.246608 3.000000
415.000000 33.000000 3.000000
419.246608 22.493216 3.000000
424.000000 39.000000 3.000000
428.000000 46.000000 3.000000
438.000000 44.000000 3.000000
439.000000 33.000000 3.000000
442.000000 19.000000 3.000000
448.000000 40.000000 3.000000
451.990955 4.753392 3.000000
454.000000 17.000000 3.000000
457.000000 47.000000 3.000000
463.000000 34.493216 3.000000
468.000000 10.000000 3.000000
470.000000 51.000000 3.000000
471.000000 35.000000 3.000000
478.000000 11.000000 3.000000
479.000000 2.000000 3.000000
479.000000 23.000000 3.000000
480.000000 58.000000 3.000000
481.000000 37.000000 3.000000
485.000000 78.000000 3.000000
485.869912 47.116520 3.000000
488.000000 29.000000 3.000000
489.000000 8.000000 3.000000
490.000000 41.000000 3.000000
498.000000 38.000000 3.000000
8.000000 275.000000 4.000000
9.000000 494.000000 4.000000
11.000000 350.000000 4.000000
32.744347 286.497739 4.000000
105.000000 249.000000 4.000000
106.000000 404.000000 4.000000
183.000000 107.000000 4.000000
185.748869 194.748869 4.000000
225.000000 313.000000 4.000000
261.251131 423.739824 4.000000
271.000000 185.000000 4.000000
280.000000 225.000000 4.000000
281.000000 491.000000 4.000000
386.000000 161.000000 4.000000
393.000000 221.000000 4.000000
395.000000 234.000000 4.000000
410.000000 140.000000 4.000000
436.000000 458.000000 4.000000
441.000000 471.000000 4.000000
455.000000 455.000000 4.000000
470.000000 176.000000 4.000000
476.000000 222.000000 4.000000
