488.992780 29.155235 1.000000
477.259928 43.595668 1.000000
480.418773 62.548736 1.000000
457.404332 49.913357 1.000000
447.927798 67.061372 1.000000
441.610108 55.779783 1.000000
356.321300 59.389892 1.000000
340.075812 53.072202 1.000000
325.184116 51.718412 1.000000
314.353791 58.036101 1.000000
301.718412 61.194946 1.000000
298.108303 76.086643 1.000000
301.267148 93.234657 1.000000
322.025271 87.368231 1.000000
313.000000 112.638989 1.000000
341.429603 118.505415 1.000000
322.927798 127.079422 1.000000
323.830325 139.714801 1.000000
357.675090 135.653430 1.000000
342.332130 152.801444 1.000000
362.638989 157.314079 1.000000
346.393502 165.436823 1.000000
353.162455 174.462094 1.000000
365.346570 172.657040 1.000000
364.005109 185.048293 0.000000
382.945848 192.512635 1.000000
368.745531 203.153700 1.000000
362.638989 211.916968 1.000000
382.945848 210.111913 1.000000
381.592058 224.101083 1.000000
417.693141 213.270758 1.000000
415.436823 237.187726 1.000000
401.447653 214.173285 1.000000
366.700361 231.772563 1.000000
377.530686 239.895307 1.000000
368.054152 245.761733 1.000000
366.249097 258.397112 1.000000
397.837545 275.545126 1.000000
373.469314 285.924188 1.000000
399.191336 301.718412 1.000000
415.436823 297.205776 1.000000
426.267148 294.949458 1.000000
416.790614 311.194946 1.000000
434.389892 284.119134 1.000000
344.588448 243.956679 1.000000
339.624549 259.750903 1.000000
328.794224 262.458484 1.000000
332.855596 276.898917 1.000000
314.353791 259.299639 1.000000
294.498195 252.530686 1.000000
328.794224 227.259928 1.000000
310.743682 209.209386 1.000000
293.595668 215.527076 1.000000
273.288809 209.660650 1.000000
259.750903 204.696751 1.000000
276.447653 195.671480 1.000000
267.160379 172.140114 1.000000
256.592058 160.924188 1.000000
261.555957 153.703971 1.000000
238.090253 110.833935 1.000000
233.577617 121.664260 1.000000
244.859206 125.725632 1.000000
240.797834 138.812274 1.000000
232.223827 145.581227 1.000000
218.685921 79.696751 1.000000
232.675090 86.916968 1.000000
209.209386 98.198556 1.000000
202.891697 71.574007 1.000000
192.061372 55.328520 1.000000
177.169675 50.815884 1.000000
150.996390 32.765343 1.000000
144.678700 41.339350 1.000000
123.469314 24.191336 1.000000
100.454874 13.361011 1.000000
162.729242 201.086643 1.000000
149.642599 216.880866 1.000000
152.350181 229.064982 1.000000
169.498195 241.700361 1.000000
276.447653 265.166065 1.000000
286.826715 278.252708 1.000000
280.509025 297.205776 1.000000
235.382671 276.898917 1.000000
242.602888 292.241877 1.000000
257.494585 313.451264 1.000000
280.057762 317.963899 1.000000
210.111913 289.534296 1.000000
205.599278 274.642599 1.000000
142.567868 321.857898 1.000000
144.227437 350.454874 1.000000
159.119134 359.480144 1.000000
180.328520 360.382671 1.000000
200.184116 350.454874 1.000000
216.880866 348.198556 1.000000
221.844765 340.527076 1.000000
241.700361 343.234657 1.000000
255.689531 331.953069 1.000000
271.032491 350.003610 1.000000
254.335740 361.736462 1.000000
238.541516 266.068592 1.000000
226.357401 266.519856 1.000000
232.675090 245.310469 1.000000
220.490975 238.541516 1.000000
216.880866 214.173285 1.000000
228.613718 207.404332 1.000000
192.607266 197.716650 1.000000
205.599278 237.638989 1.000000
193.866426 242.602888 1.000000
185.743682 255.238267 1.000000
188.451264 224.101083 1.000000
160.210921 263.885017 1.000000
150.996390 251.176895 1.000000
137.909747 251.628159 1.000000
60.743682 326.537906 1.000000
73.379061 337.819495 1.000000
90.527076 348.198556 1.000000
89.624549 365.346570 1.000000
73.379061 372.115523 1.000000
73.379061 363.992780 1.000000
69.317690 383.848375 1.000000
76.086643 396.032491 1.000000
68.866426 406.862816 1.000000
68.866426 416.339350 1.000000
91.880866 390.617329 1.000000
124.371841 353.162455 1.000000
119.859206 335.111913 1.000000
100.454874 331.953069 1.000000
93.685921 296.303249 1.000000
467.783394 328.072565 1.000000
490.346570 333.036464 1.000000
470.490975 364.173648 1.000000
489.895307 370.491337 1.000000
486.285199 382.224189 1.000000
468.234657 351.989532 1.000000
414.534296 357.855958 1.000000
407.314079 372.296392 1.000000
396.935018 361.014803 1.000000
386.104693 357.855958 1.000000
387.458484 338.451626 1.000000
385.653430 328.975092 1.000000
375.274368 356.953431 1.000000
368.505415 376.357763 1.000000
365.346570 400.274731 1.000000
375.274368 416.068955 1.000000
389.714801 419.227800 1.000000
395.129964 389.895670 1.000000
460.563177 409.300002 1.000000
442.512635 409.300002 1.000000
437.548736 427.350543 1.000000
440.256318 439.083395 1.000000
467.783394 433.216969 1.000000
484.931408 435.924550 1.000000
422.205776 455.780146 1.000000
433.989484 471.123106 1.000000
415.888087 467.512998 1.000000
391.068592 463.902890 1.000000
383.750972 469.854390 0.000000
308.487365 446.303612 1.000000
293.144404 442.693504 1.000000
289.534296 457.133937 1.000000
284.570397 464.805417 1.000000
267.422383 453.523828 1.000000
262.240255 463.116880 1.000000
303.974729 424.191698 1.000000
323.830325 415.617691 1.000000
314.353791 421.484117 1.000000
287.729242 409.751265 1.000000
265.617329 400.725994 1.000000
269.227437 372.115523 1.000000
270.581227 382.945848 1.000000
243.956679 392.873646 1.000000
223.649819 387.909747 1.000000
196.574007 391.519856 1.000000
173.108303 389.263538 1.000000
163.180505 396.935018 1.000000
136.555957 399.642599 1.000000
128.884477 405.057762 1.000000
127.981949 411.375451 1.000000
122.115523 418.595668 1.000000
130.238267 433.938628 1.000000
154.606498 428.072202 1.000000
126.009522 450.067598 1.000000
114.444043 444.317690 1.000000
117.602888 463.270758 1.000000
134.255864 467.688763 1.000000
156.295035 469.137184 1.000000
155.057762 457.193185 1.000000
175.815884 466.880866 1.000000
193.415162 470.490975 1.000000
204.958754 468.518548 1.000000
217.594133 459.689618 1.000000
231.321300 463.270758 1.000000
250.725632 471.393502 1.000000
135.653430 377.079422 1.000000
121.664260 373.469314 1.000000
337.368231 499.823105 1.000000
53.974729 491.700361 1.000000
67.512635 488.090253 1.000000
83.758123 466.429603 1.000000
82.404332 457.404332 1.000000
45.400722 405.509025 1.000000
43.144404 418.144404 1.000000
26.898917 415.888087 1.000000
16.971119 414.083032 1.000000
12.007220 434.841155 1.000000
18.776173 499.823105 1.000000
407.765343 11.555957 2.000000
436.194946 15.166065 2.000000
433.487365 398.018413 2.000000
409.737770 73.852212 3.000000
359.931408 33.216606 3.000000
354.516245 22.386282 3.000000
366.700361 25.093863 3.000000
392.873646 23.288809 3.000000
386.104693 14.714801 3.000000
378.884477 4.335740 3.000000
392.873646 4.335740 3.000000
430.779783 22.386282 3.000000
455.148014 16.971119 3.000000
469.588448 5.238267 3.000000
263.288268 115.892464 3.000000
269.889848 106.277525 3.000000
331.050542 5.238267 3.000000
314.805054 4.335740 3.000000
308.036101 20.129964 3.000000
301.267148 10.202166 3.000000
294.046931 13.812274 3.000000
282.314079 12.909747 3.000000
271.483755 19.678700 3.000000
267.422383 34.119134 3.000000
274.191336 43.144404 3.000000
274.642599 59.389892 3.000000
251.628159 42.241877 3.000000
251.628159 33.216606 3.000000
248.920578 67.061372 3.000000
257.043321 73.830325 3.000000
261.104693 61.646209 3.000000
277.422923 72.476534 3.000000
282.314079 88.722022 3.000000
192.963899 40.888087 3.000000
205.599278 30.057762 3.000000
224.552347 26.898917 3.000000
236.023195 32.503340 3.000000
230.870036 3.884477 3.000000
246.569630 10.012906 3.000000
213.722022 11.555957 3.000000
168.595668 132.945848 3.000000
179.425993 137.909747 3.000000
158.216606 158.216606 3.000000
80.148014 64.353791 3.000000
76.086643 55.779783 3.000000
24.002075 174.200091 3.000000
360.382671 498.469314 3.000000
349.552347 478.613718 3.000000
198.495579 495.878250 3.000000
423.559567 54.877256 4.000000
409.119134 61.646209 4.000000
396.483755 70.671480 4.000000
376.176895 74.732852 4.000000
373.469314 63.451264 4.000000
376.198783 41.790614 4.000000
487.355099 119.597203 4.000000
479.967509 112.187726 4.000000
471.844765 99.101083 4.000000
468.685921 91.880866 4.000000
451.989170 89.624549 4.000000
441.610108 109.480144 4.000000
439.805054 90.978339 4.000000
434.389892 99.552347 4.000000
433.487365 113.090253 4.000000
420.851986 101.808664 4.000000
373.920578 119.407942 4.000000
364.444043 102.616561 4.000000
388.361011 108.577617 4.000000
390.166065 121.212996 4.000000
389.714801 132.043321 4.000000
409.119134 137.007220 4.000000
422.657040 134.299639 4.000000
419.498195 154.155235 4.000000
437.097473 139.714801 4.000000
439.805054 132.945848 4.000000
442.963899 129.787004 4.000000
449.732852 139.714801 4.000000
448.379061 149.642599 4.000000
460.111913 142.873646 4.000000
457.855596 133.397112 4.000000
471.393502 139.263538 4.000000
480.418773 135.202166 4.000000
480.418773 152.350181 4.000000
457.404332 110.833935 4.000000
441.158845 311.646209 4.000000
438.451264 322.476534 4.000000
447.927798 272.386282 4.000000
462.368231 281.411552 4.000000
460.657807 293.573781 4.000000
482.223827 299.010830 4.000000
482.675090 268.776173 4.000000
453.794224 205.148014 4.000000
473.198556 200.635379 4.000000
450.635379 187.097473 4.000000
439.805054 174.010830 4.000000
416.790614 180.779783 4.000000
441.158845 198.379061 4.000000
440.707581 207.404332 4.000000
426.267148 197.927798 4.000000
404.606498 160.472924 4.000000
451.537906 230.870036 4.000000
444.768953 250.725632 4.000000
449.732852 262.458484 4.000000
463.722022 253.433213 4.000000
474.101083 253.433213 4.000000
492.602888 304.877256 4.000000
282.765343 119.407942 4.000000
292.693141 121.212996 4.000000
296.303249 39.083032 4.000000
149.642599 98.198556 4.000000
130.689531 102.259928 4.000000
123.018051 77.440433 4.000000
115.346570 68.415162 4.000000
110.382671 82.855596 4.000000
103.162455 82.855596 4.000000
106.772563 96.844765 4.000000
123.018051 109.931408 4.000000
117.602888 115.346570 4.000000
111.736462 119.859206 4.000000
117.792148 136.293953 4.000000
122.777935 127.909207 4.000000
130.238267 123.469314 4.000000
140.617329 122.566787 4.000000
139.714801 134.750903 4.000000
158.667870 133.397112 4.000000
188.473151 147.459024 4.000000
188.000000 158.216606 4.000000
173.108303 159.570397 4.000000
146.935018 155.960289 4.000000
135.202166 150.545126 4.000000
126.176895 152.801444 4.000000
128.884477 171.754513 4.000000
115.797834 174.913357 4.000000
104.516245 174.913357 4.000000
102.711191 169.046931 4.000000
181.231047 111.736462 4.000000
190.256318 116.249097 4.000000
202.440433 134.750903 4.000000
175.364621 102.711191 4.000000
92.332130 63.902527 4.000000
78.794224 80.148014 4.000000
81.050542 91.880866 4.000000
93.685921 109.028881 4.000000
78.794224 106.321300 4.000000
84.209386 118.505415 4.000000
79.696751 133.848375 4.000000
70.671480 127.530686 4.000000
70.671480 141.519856 4.000000
55.328520 137.458484 4.000000
43.595668 128.884477 4.000000
29.606498 119.407942 4.000000
31.411552 101.357401 4.000000
37.729242 82.404332 4.000000
28.703971 67.512635 4.000000
21.935018 54.425993 4.000000
25.545126 78.794224 4.000000
21.483755 119.407942 4.000000
53.930955 145.959748 4.000000
54.993774 158.784387 4.000000
74.281588 174.913357 4.000000
82.855596 189.353791 4.000000
62.548736 179.425993 4.000000
71.574007 198.379061 4.000000
49.010830 187.548736 4.000000
48.559567 200.635379 4.000000
32.765343 190.256318 4.000000
15.617329 158.667870 4.000000
4.837859 153.965974 4.000000
3.433213 168.595668 4.000000
4.787004 179.425993 4.000000
3.884477 193.415162 4.000000
4.335740 210.111913 4.000000
1.628159 110.833935 4.000000
6.657720 87.368231 4.000000
18.324910 90.527076 4.000000
8.848375 73.830325 4.000000
38.180505 155.509025 4.000000
40.888087 140.617329 4.000000
55.779783 113.541516 4.000000
66.158845 87.819495 4.000000
120.761733 223.649819 4.000000
266.971119 276.898917 4.000000
255.689531 294.949458 4.000000
295.400722 318.415162 4.000000
308.487365 322.476534 4.000000
315.256318 335.111913 4.000000
327.891697 333.758123 4.000000
331.501805 340.527076 4.000000
353.162455 336.014440 4.000000
330.148014 307.584838 4.000000
192.963899 297.657040 4.000000
174.913357 299.913357 4.000000
164.083032 294.949458 4.000000
150.093863 288.180505 4.000000
152.801444 309.389892 4.000000
55.779783 244.407942 4.000000
43.144404 241.249097 4.000000
51.718412 284.119134 4.000000
42.241877 289.985560 4.000000
24.642599 272.837545 4.000000
21.483755 293.595668 4.000000
7.043321 285.472924 4.000000
10.107536 244.953836 4.000000
24.642599 307.133574 4.000000
20.581227 317.512635 4.000000
108.126354 383.848375 4.000000
85.563177 275.545126 4.000000
43.595668 330.599278 4.000000
32.765343 354.516245 4.000000
25.545126 365.797834 4.000000
11.104693 363.541516 4.000000
9.750903 374.823105 4.000000
365.797834 467.964262 4.000000
391.519856 445.401085 4.000000
368.505415 490.346570 4.000000
458.758123 488.090253 4.000000
120.310469 498.920578 4.000000
217.332130 38.631769 4.000000
245.143096 205.504648 4.000000
163.180505 252.268683 4.000000
75.635379 262.007220 4.000000
37.726776 26.456284 0.000000
71.196721 3.232240 0.000000
43.362022 443.122951 0.000000
97.323770 412.043716 0.000000
93.908470 432.193989 0.000000
93.566940 256.989071 0.000000
102.788251 250.841530 0.000000
112.009563 245.718579 0.000000
116.790984 239.912568 0.000000
103.129781 227.617486 0.000000
126.353825 245.377049 0.000000
124.987705 260.062842 0.000000
132.159836 226.934426 0.000000
112.009563 275.773224 0.000000
109.960383 309.584699 0.000000
135.233607 351.934426 0.000000
321.025956 392.234973 0.000000
448.416667 333.150273 0.000000
485.301913 404.871585 0.000000
396.504098 497.426230 0.000000
491.107923 211.907104 0.000000
496.913934 234.789617 0.000000
494.181694 253.573770 0.000000
323.075137 166.483607 0.000000
302.924863 189.366120 0.000000
272.528689 166.142077 0.000000
