2.000000 80.000000 1.000000
2.000000 185.000000 1.000000
2.000000 196.000000 1.000000
5.714358 239.298649 1.000000
2.000000 265.000000 1.000000
2.000000 298.000000 1.000000
5.000000 96.000000 1.000000
7.350676 230.636318 1.000000
7.000000 110.000000 1.000000
7.000000 148.000000 1.000000
8.000000 469.000000 1.000000
9.000000 283.000000 1.000000
9.000000 480.000000 1.000000
11.000000 271.000000 1.000000
12.000000 172.000000 1.000000
12.675338 455.960980 1.000000
14.000000 444.000000 1.000000
14.000000 495.000000 1.000000
18.714358 105.272635 1.000000
17.000000 198.000000 1.000000
5.817905 121.739358 1.000000
21.000000 181.000000 1.000000
25.000000 470.000000 1.000000
24.986993 24.636318 1.000000
34.441723 447.675338 1.000000
28.000000 142.000000 1.000000
28.000000 483.000000 1.000000
30.000000 457.000000 1.000000
35.000000 499.000000 1.000000
43.000000 481.000000 1.000000
51.065034 474.714358 1.000000
57.415709 445.078041 1.000000
51.000000 453.000000 1.000000
62.000000 496.000000 1.000000
65.000000 461.000000 1.000000
70.000000 309.000000 1.000000
72.000000 429.000000 1.000000
73.000000 477.000000 1.000000
74.000000 447.000000 1.000000
74.000000 490.000000 1.000000
79.000000 462.000000 1.000000
81.000000 395.000000 1.000000
81.000000 442.000000 1.000000
82.000000 481.000000 1.000000
83.000000 253.000000 1.000000
86.000000 291.000000 1.000000
87.000000 380.000000 1.000000
87.000000 491.000000 1.000000
99.818412 366.350676 1.000000
88.000000 402.000000 1.000000
88.000000 466.000000 1.000000
98.104054 319.000000 1.000000
91.000000 235.000000 1.000000
91.000000 432.000000 1.000000
95.039020 276.636318 1.000000
92.000000 423.000000 1.000000
97.389696 332.636318 1.000000
94.000000 251.000000 1.000000
95.000000 149.000000 1.000000
95.000000 385.000000 1.000000
95.000000 445.000000 1.000000
95.000000 457.000000 1.000000
100.000000 347.000000 1.000000
101.000000 191.000000 1.000000
101.000000 411.000000 1.000000
102.000000 239.000000 1.000000
103.000000 147.000000 1.000000
103.000000 205.000000 1.000000
104.000000 231.000000 1.000000
110.402703 136.000000 1.000000
106.000000 264.000000 1.000000
107.000000 157.000000 1.000000
103.597297 472.350676 1.000000
101.895946 294.649324 1.000000
115.052027 394.960980 1.000000
113.000000 287.000000 1.000000
113.000000 376.000000 1.000000
116.026014 345.311655 1.000000
110.285642 431.000000 1.000000
118.714358 149.986993 1.000000
115.000000 274.000000 1.000000
114.662331 334.960980 1.000000
115.000000 459.000000 1.000000
117.000000 173.000000 1.000000
119.000000 365.000000 1.000000
119.000000 473.000000 1.000000
121.000000 162.000000 1.000000
121.000000 198.000000 1.000000
115.584291 126.636318 1.000000
120.986993 311.324662 1.000000
125.000000 141.000000 1.000000
120.610304 217.649324 1.000000
126.000000 232.000000 1.000000
126.000000 248.000000 1.000000
126.000000 422.000000 1.000000
134.078041 322.337669 1.000000
128.000000 445.000000 1.000000
129.000000 177.000000 1.000000
129.000000 467.000000 1.000000
131.000000 80.000000 1.000000
124.921959 117.298649 1.000000
133.000000 67.000000 1.000000
134.000000 91.000000 1.000000
135.000000 430.000000 1.000000
136.000000 163.000000 1.000000
138.000000 176.000000 1.000000
138.000000 347.000000 1.000000
139.000000 147.000000 1.000000
139.000000 215.000000 1.000000
133.934966 300.675338 1.000000
140.000000 203.000000 1.000000
141.000000 363.000000 1.000000
141.000000 437.000000 1.000000
143.000000 90.000000 1.000000
143.000000 274.000000 1.000000
146.000000 73.000000 1.000000
146.000000 261.000000 1.000000
147.000000 249.000000 1.000000
149.000000 225.000000 1.000000
151.363682 492.402703 1.000000
151.000000 81.000000 1.000000
150.324662 237.623311 1.000000
152.000000 158.000000 1.000000
157.389696 21.986993 1.000000
156.714358 113.350676 1.000000
153.000000 287.000000 1.000000
153.000000 395.000000 1.000000
157.714358 6.026014 1.000000
160.415709 57.986993 1.000000
155.000000 261.000000 1.000000
155.000000 413.000000 1.000000
156.000000 96.000000 1.000000
157.000000 178.000000 1.000000
157.000000 363.000000 1.000000
158.000000 270.000000 1.000000
160.000000 307.000000 1.000000
161.013007 484.052027 1.000000
156.934966 35.714358 1.000000
162.000000 393.000000 1.000000
163.000000 85.000000 1.000000
163.000000 243.000000 1.000000
159.623311 337.960980 1.000000
159.285642 376.636318 1.000000
165.000000 360.000000 1.000000
166.000000 188.000000 1.000000
170.376689 159.662331 1.000000
167.000000 199.000000 1.000000
163.960980 328.298649 1.000000
175.428716 97.973986 1.000000
171.337669 69.298649 1.000000
173.000000 44.000000 1.000000
178.000000 2.000000 1.000000
180.000000 80.000000 1.000000
182.000000 449.000000 1.000000
182.000000 492.000000 1.000000
184.350676 51.324662 1.000000
188.376689 37.636318 1.000000
188.000000 471.000000 1.000000
189.000000 67.000000 1.000000
196.000000 482.000000 1.000000
202.740372 35.649324 1.000000
200.000000 75.000000 1.000000
194.934966 457.921959 1.000000
201.000000 11.623311 1.000000
205.727365 85.960980 1.000000
205.000000 65.000000 1.000000
216.000000 476.000000 1.000000
218.350676 423.285642 1.000000
237.000000 357.000000 1.000000
238.000000 69.000000 1.000000
234.960980 473.000000 1.000000
239.000000 258.000000 1.000000
239.000000 316.000000 1.000000
240.000000 338.000000 1.000000
245.714358 241.311655 1.000000
244.000000 289.000000 1.000000
245.000000 171.000000 1.000000
245.000000 307.000000 1.000000
246.000000 419.000000 1.000000
248.000000 55.000000 1.000000
250.000000 462.000000 1.000000
254.039020 372.740372 1.000000
252.000000 352.000000 1.000000
253.000000 434.000000 1.000000
249.610304 82.337669 1.000000
257.026014 411.363682 1.000000
258.000000 53.000000 1.000000
253.259628 265.324662 1.000000
262.000000 293.000000 1.000000
263.000000 364.000000 1.000000
264.000000 125.000000 1.000000
265.000000 254.000000 1.000000
266.000000 95.000000 1.000000
262.272635 401.675338 1.000000
268.000000 27.000000 1.000000
271.376689 136.649324 1.000000
269.000000 246.000000 1.000000
272.000000 87.000000 1.000000
272.000000 345.000000 1.000000
274.000000 57.000000 1.000000
275.000000 279.000000 1.000000
277.000000 205.000000 1.000000
278.986993 174.636318 1.000000
282.000000 248.000000 1.000000
282.000000 403.000000 1.000000
283.000000 70.000000 1.000000
284.000000 191.000000 1.000000
285.000000 265.000000 1.000000
286.000000 231.000000 1.000000
279.584291 295.324662 1.000000
282.623311 373.973986 1.000000
287.000000 31.000000 1.000000
292.389696 39.324662 1.000000
291.000000 280.000000 1.000000
292.000000 12.000000 1.000000
293.000000 87.000000 1.000000
294.337669 345.298649 1.000000
295.000000 2.000000 1.000000
295.000000 200.000000 1.000000
292.960980 105.545270 1.000000
296.000000 271.000000 1.000000
297.000000 311.000000 1.000000
300.000000 12.000000 1.000000
302.000000 326.000000 1.000000
303.000000 72.000000 1.000000
304.000000 96.000000 1.000000
313.792399 234.324662 1.000000
304.000000 284.000000 1.000000
306.000000 270.000000 1.000000
307.000000 139.000000 1.000000
302.610304 217.570777 1.000000
310.000000 296.000000 1.000000
315.052027 179.960980 1.000000
312.000000 85.000000 1.000000
314.000000 49.000000 1.000000
315.000000 101.000000 1.000000
315.000000 111.000000 1.000000
310.934966 37.973986 1.000000
316.000000 168.000000 1.000000
309.571284 249.324662 1.000000
318.000000 273.000000 1.000000
320.000000 24.000000 1.000000
316.272635 197.636318 1.000000
325.337669 130.039020 1.000000
326.000000 81.000000 1.000000
326.000000 109.000000 1.000000
327.000000 6.000000 1.000000
327.000000 98.000000 1.000000
325.636318 241.532264 1.000000
336.765569 32.902076 1.000000
330.000000 210.000000 1.000000
322.207601 62.636318 1.000000
342.441723 21.311655 1.000000
336.934966 52.960980 1.000000
345.000000 9.000000 1.000000
350.000000 65.000000 1.000000
355.000000 16.000000 1.000000
397.000000 496.000000 1.000000
431.000000 476.000000 1.000000
435.000000 496.000000 1.000000
456.613986 475.848751 1.000000
445.000000 485.000000 1.000000
452.000000 255.000000 1.000000
457.000000 269.000000 1.000000
469.000000 220.000000 1.000000
470.000000 306.000000 1.000000
465.363437 322.681718 1.000000
476.765235 210.787812 1.000000
479.106094 229.681718 1.000000
477.363437 272.575625 1.000000
484.000000 478.000000 1.000000
489.424375 466.106094 1.000000
486.000000 334.000000 1.000000
483.022578 245.446953 1.000000
489.000000 292.000000 1.000000
493.000000 311.000000 1.000000
494.000000 207.000000 1.000000
494.000000 487.000000 1.000000
496.000000 173.000000 1.000000
489.704296 190.106094 1.000000
498.000000 279.000000 1.000000
2.000000 313.000000 2.000000
2.000000 392.000000 2.000000
2.000000 410.000000 2.000000
4.662331 365.324662 2.000000
14.000000 354.000000 2.000000
16.000000 370.000000 2.000000
19.000000 317.000000 2.000000
24.311655 373.649324 2.000000
33.000000 57.000000 2.000000
29.623311 327.026014 2.000000
33.000000 349.000000 2.000000
37.000000 334.000000 2.000000
43.000000 421.000000 2.000000
51.000000 294.000000 2.000000
54.000000 73.000000 2.000000
48.921959 181.701351 2.000000
57.000000 115.000000 2.000000
62.000000 254.000000 2.000000
64.000000 214.000000 2.000000
70.000000 57.000000 2.000000
71.000000 37.000000 2.000000
74.324662 201.311655 2.000000
73.636318 229.973986 2.000000
294.000000 480.000000 2.000000
307.000000 467.000000 2.000000
317.000000 442.000000 2.000000
332.000000 382.000000 2.000000
334.000000 420.000000 2.000000
343.000000 436.000000 2.000000
353.000000 412.000000 2.000000
367.000000 462.000000 2.000000
371.000000 323.000000 2.000000
374.000000 141.000000 2.000000
375.000000 160.000000 2.000000
375.000000 333.000000 2.000000
375.000000 396.000000 2.000000
378.000000 432.000000 2.000000
381.000000 263.000000 2.000000
382.000000 323.000000 2.000000
385.000000 237.000000 2.000000
388.000000 283.000000 2.000000
389.000000 267.000000 2.000000
391.000000 208.000000 2.000000
393.000000 169.000000 2.000000
395.000000 128.000000 2.000000
395.000000 157.000000 2.000000
399.000000 248.000000 2.000000
399.000000 430.000000 2.000000
402.000000 439.000000 2.000000
411.000000 381.000000 2.000000
415.000000 109.000000 2.000000
415.000000 393.000000 2.000000
422.000000 83.000000 2.000000
422.000000 362.000000 2.000000
423.000000 328.000000 2.000000
421.970329 189.000000 2.000000
424.000000 417.000000 2.000000
425.000000 4.000000 2.000000
425.000000 108.000000 2.000000
426.000000 427.000000 2.000000
428.000000 49.000000 2.000000
436.000000 76.000000 2.000000
437.000000 386.000000 2.000000
440.000000 144.000000 2.000000
441.000000 19.000000 2.000000
444.000000 98.000000 2.000000
451.000000 34.000000 2.000000
451.000000 165.000000 2.000000
453.000000 63.000000 2.000000
465.000000 34.000000 2.000000
466.000000 110.000000 2.000000
472.293773 84.774481 2.000000
479.000000 95.000000 2.000000
484.000000 109.000000 2.000000
485.000000 62.000000 2.000000
493.000000 93.000000 2.000000
48.986993 4.649324 3.000000
68.986993 16.986993 3.000000
138.009742 55.669914 3.000000
230.000000 82.000000 3.000000
245.000000 46.000000 3.000000
257.000000 175.000000 3.000000
272.009742 39.320343 3.000000
279.000000 221.000000 3.000000
333.000000 445.000000 3.000000
401.000000 200.000000 3.000000
417.000000 163.000000 3.000000
460.000000 141.000000 3.000000
463.000000 128.000000 3.000000
466.000000 119.000000 3.000000
193.000000 161.000000 4.000000
213.078041 101.740372 4.000000
257.000000 319.000000 4.000000
266.973986 156.986993 4.000000
450.978142 194.489071 0.000000
328.710383 460.882514 0.000000
425.021858 310.609290 0.000000
