14.714801 35.472924 2.000000
73.379061 7.043321 2.000000
54.337767 52.862964 2.000000
107.223827 91.429603 2.000000
102.259928 80.148014 2.000000
126.176895 52.169675 2.000000
208.758123 121.664260 2.000000
131.592058 128.433213 2.000000
137.007220 146.483755 2.000000
176.718412 144.227437 2.000000
175.364621 169.046931 2.000000
207.129520 152.471193 2.000000
191.158845 212.819495 2.000000
122.566787 198.830325 2.000000
141.519856 231.321300 2.000000
111.736462 173.108303 2.000000
10.202166 167.693141 2.000000
43.595668 193.866426 2.000000
143.776173 3.884477 2.000000
229.516245 17.873646 2.000000
206.953069 53.523466 2.000000
27.350181 239.444043 2.000000
2.981949 232.675090 2.000000
62.097473 263.083948 2.000000
150.545126 342.055067 2.000000
232.223827 308.661565 2.000000
229.064982 318.589363 2.000000
45.851986 454.419688 2.000000
178.974729 426.441348 2.000000
268.321968 67.963899 2.000000
249.368900 94.137184 2.000000
312.997058 50.364621 2.000000
359.928466 8.848375 2.000000
376.173954 50.815884 2.000000
391.516914 64.805054 2.000000
336.914026 108.577617 2.000000
383.394170 111.285199 2.000000
413.177564 109.480144 2.000000
433.935687 150.093863 2.000000
414.531355 139.714801 2.000000
388.809333 146.483755 2.000000
421.300308 165.888087 2.000000
386.101752 155.057762 2.000000
434.838214 184.389892 2.000000
407.762401 196.574007 2.000000
393.773232 181.231047 2.000000
434.838214 219.588448 2.000000
390.074898 221.547301 2.000000
271.480813 153.252708 2.000000
286.372902 296.155071 2.000000
271.029942 260.956515 2.000000
382.943299 268.627996 2.000000
457.401783 286.678537 2.000000
395.127415 321.877093 2.000000
436.192397 322.328357 2.000000
331.499256 318.718248 2.000000
296.751963 329.999837 2.000000
308.033552 386.407779 2.000000
458.304310 385.053988 2.000000
422.203227 361.137021 2.000000
440.253768 346.245324 2.000000
347.293480 420.252544 2.000000
320.668931 433.339187 2.000000
320.668931 460.866263 2.000000
393.773624 454.999837 2.000000
452.437884 446.877093 2.000000
498.488532 85.563177 2.000000
470.961456 76.989170 2.000000
474.120301 34.119134 2.000000
463.289976 119.859206 2.000000
475.022828 131.140794 2.000000
482.694308 156.411552 2.000000
489.011998 171.303249 2.000000
458.140619 246.221500 2.000000
492.171970 352.598682 2.000000
492.623234 325.974134 2.000000
230.870036 147.837545 3.000000
224.552347 175.364621 3.000000
238.090253 175.364621 3.000000
226.357401 220.942238 3.000000
10.202166 134.750903 3.000000
204.245487 351.982865 3.000000
222.296029 350.629074 3.000000
234.480144 360.556872 3.000000
86.014440 324.907052 3.000000
7.945848 354.239182 3.000000
19.678700 405.683226 3.000000
33.667870 405.231962 3.000000
47.657040 407.939543 3.000000
6.592058 423.282504 3.000000
39.985560 445.845680 3.000000
12.909747 453.065897 3.000000
61.646209 451.260843 3.000000
76.537906 445.845680 3.000000
96.844765 422.379976 3.000000
82.855596 422.831240 3.000000
120.761733 395.304164 3.000000
146.935018 371.387197 3.000000
187.097473 401.170590 3.000000
183.487365 386.278893 3.000000
224.101083 426.441348 3.000000
158.667870 467.506330 3.000000
178.072202 459.834850 3.000000
180.328520 466.152540 3.000000
98.198556 467.957594 3.000000
75.635379 459.834850 3.000000
90.075812 492.488308 3.000000
260.199225 41.339350 3.000000
337.365290 63.451264 3.000000
345.036770 84.209386 3.000000
330.596336 83.306859 3.000000
434.386950 114.444043 3.000000
418.317915 149.433361 3.000000
387.004279 209.660650 3.000000
319.766012 234.480144 3.000000
308.484423 214.624549 3.000000
268.773232 181.682310 3.000000
252.979008 148.288809 3.000000
255.686589 202.891697 3.000000
237.185176 259.602725 3.000000
247.861702 293.205465 3.000000
257.943299 307.436660 3.000000
339.291748 277.565040 3.000000
351.354851 321.425829 3.000000
246.661711 332.707418 3.000000
363.990230 379.638826 3.000000
309.573928 397.238104 3.000000
424.008281 371.967346 3.000000
411.735940 402.807066 3.000000
348.194340 492.409396 3.000000
306.678094 487.445497 3.000000
472.316374 414.873050 3.000000
451.162378 499.335660 3.000000
123.920578 302.795139 4.000000
155.960289 313.174200 4.000000
84.660650 437.271673 4.000000
118.054152 403.426908 4.000000
136.104693 390.340265 4.000000
119.407942 366.874561 4.000000
178.072202 370.484670 4.000000
127.530686 423.282504 4.000000
73.075137 331.442623 0.000000
36.872951 311.975410 0.000000
11.599727 301.387978 0.000000
269.113388 107.398907 0.000000
297.118852 144.967213 0.000000
460.370219 8.013661 0.000000
488.375683 12.112022 0.000000
440.903005 50.021858 0.000000
465.493169 56.852459 0.000000
442.610656 80.759563 0.000000
342.542350 353.983607 0.000000
317.610656 325.636612 0.000000
282.091530 215.322404 0.000000
256.135246 264.502732 0.000000
295.411202 18.259563 0.000000
305.657104 9.721311 0.000000
284.482240 5.964481 0.000000
484.960383 430.827869 0.000000
