5.689531 130.238267 1.000000
22.837545 129.787004 1.000000
13.812274 147.837545 1.000000
27.801444 146.483755 1.000000
37.729242 130.238267 1.000000
55.328520 143.776173 1.000000
58.487365 126.176895 1.000000
73.830325 125.274368 1.000000
73.830325 140.617329 1.000000
91.429603 137.458484 1.000000
121.212996 136.104693 1.000000
165.436823 134.750903 1.000000
175.364621 150.093863 1.000000
180.779783 128.433213 1.000000
180.779783 116.249097 1.000000
195.671480 140.166065 1.000000
211.465704 137.909747 1.000000
209.660650 151.898917 1.000000
207.855596 116.249097 1.000000
199.732852 109.931408 1.000000
208.758123 85.111913 1.000000
210.111913 66.158845 1.000000
187.548736 44.498195 1.000000
206.501805 42.241877 1.000000
221.393502 43.595668 1.000000
189.805054 25.545126 1.000000
178.974729 12.458484 1.000000
174.913357 27.350181 1.000000
157.765343 23.740072 1.000000
138.812274 26.447653 1.000000
127.981949 18.776173 1.000000
123.920578 31.862816 1.000000
113.992780 33.667870 1.000000
107.675090 11.555957 1.000000
102.259928 34.570397 1.000000
90.978339 30.509025 1.000000
87.368231 16.971119 1.000000
226.801899 65.256318 1.000000
239.438945 8.397112 1.000000
269.222338 8.848375 1.000000
289.077934 10.653430 1.000000
262.904649 56.231047 1.000000
251.623060 43.144404 1.000000
254.781905 75.184116 1.000000
273.283710 65.256318 1.000000
292.236779 67.963899 1.000000
308.482266 55.779783 1.000000
309.836057 73.379061 1.000000
335.106815 75.184116 1.000000
331.496706 56.682310 1.000000
349.095984 68.415162 1.000000
355.413674 86.465704 1.000000
370.756634 72.476534 1.000000
381.586959 78.794224 1.000000
404.150136 80.599278 1.000000
405.503927 91.429603 1.000000
425.359522 98.649819 1.000000
419.493096 139.263538 1.000000
411.370353 153.252708 1.000000
393.771075 163.180505 1.000000
377.525587 153.703971 1.000000
362.633891 157.314079 1.000000
343.229558 163.631769 1.000000
349.095984 177.620939 1.000000
321.568909 180.779783 1.000000
316.605010 159.570397 1.000000
296.298150 154.155235 1.000000
280.955190 155.960289 1.000000
280.955190 139.714801 1.000000
257.489486 139.263538 1.000000
254.781905 155.509025 1.000000
247.110425 148.740072 1.000000
231.767465 137.007220 1.000000
249.366743 123.018051 1.000000
232.218728 155.960289 1.000000
433.938628 116.249097 1.000000
448.379061 118.505415 1.000000
459.209386 125.274368 1.000000
442.061372 131.140794 1.000000
442.061372 145.581227 1.000000
455.599278 167.693141 1.000000
455.599278 181.682310 1.000000
467.783394 188.000000 1.000000
473.198556 174.462094 1.000000
489.444043 176.718412 1.000000
499.823105 193.866426 1.000000
488.090253 194.317690 1.000000
447.476534 200.635379 1.000000
433.487365 203.342960 1.000000
406.862816 195.220217 1.000000
315.696796 22.386282 1.000000
334.198601 5.689531 1.000000
337.808709 22.386282 1.000000
379.324955 6.140794 1.000000
376.617373 38.631769 1.000000
399.631814 37.729242 1.000000
383.386326 26.898917 1.000000
405.949503 24.642599 1.000000
413.169720 42.241877 1.000000
438.891742 45.400722 1.000000
433.025316 25.996390 1.000000
456.050787 35.924188 1.000000
470.039956 25.093863 1.000000
463.271003 51.267148 1.000000
495.761978 63.451264 1.000000
12.909747 201.266604 1.000000
25.545126 205.779239 1.000000
49.462094 203.071658 1.000000
67.963899 225.183571 1.000000
76.086643 204.425449 1.000000
90.075812 207.133030 1.000000
98.198556 197.205232 1.000000
105.870036 216.158301 1.000000
106.321300 199.912813 1.000000
130.689531 195.400178 1.000000
141.068592 206.681766 1.000000
153.252708 210.291875 1.000000
164.083032 213.901983 1.000000
196.122744 218.865882 1.000000
163.180505 244.136640 1.000000
137.458484 233.757579 1.000000
177.632214 209.206861 1.000000
212.830770 232.672565 1.000000
215.087088 213.268233 1.000000
229.978785 233.575092 1.000000
247.578063 240.795309 1.000000
265.628604 248.015526 1.000000
289.996835 257.040796 1.000000
304.888532 255.687006 1.000000
317.523911 271.932493 1.000000
333.769399 280.957764 1.000000
311.657485 311.192421 1.000000
336.476980 308.033576 1.000000
350.478063 283.341802 1.000000
364.467232 282.439275 1.000000
384.322828 283.341802 1.000000
359.052070 310.417615 1.000000
132.043321 383.899709 1.000000
118.505415 370.361803 1.000000
109.028881 377.130756 1.000000
93.685921 373.520648 1.000000
63.000000 354.920483 1.000000
50.871324 364.495377 1.000000
149.642599 353.213789 1.000000
159.119134 364.044114 1.000000
165.888087 340.578410 1.000000
175.364621 366.751695 1.000000
191.610108 362.690323 1.000000
209.209386 372.618121 1.000000
209.209386 344.188518 1.000000
221.844765 344.188518 1.000000
247.130427 343.942980 1.000000
247.581691 364.249840 1.000000
265.180969 350.711933 1.000000
278.267611 324.989912 1.000000
290.451727 322.733594 1.000000
285.487828 352.065724 1.000000
324.747756 329.953811 1.000000
301.282052 287.535038 1.000000
286.841618 282.119876 1.000000
340.090716 327.246229 1.000000
329.247007 353.420421 1.000000
328.795744 368.312118 1.000000
357.225346 376.434862 1.000000
367.153144 386.813923 1.000000
382.496105 382.752551 1.000000
408.669390 382.752551 1.000000
436.647729 301.525115 1.000000
404.608018 282.572046 1.000000
418.145924 279.413201 1.000000
413.633289 304.683959 1.000000
439.355310 263.618977 1.000000
456.954588 269.485403 1.000000
475.907657 260.008869 1.000000
498.019570 308.745331 1.000000
479.066502 343.041360 1.000000
470.492495 352.066631 1.000000
446.124263 357.933057 1.000000
428.976249 372.824754 1.000000
34.119134 378.964553 1.000000
14.561002 392.260434 1.000000
11.555957 404.235311 1.000000
63.451264 415.065636 1.000000
105.870036 425.895961 1.000000
88.722022 420.932062 1.000000
124.823105 447.556611 1.000000
144.227437 485.011485 1.000000
104.967509 467.412207 1.000000
210.121277 421.368372 1.000000
194.778317 445.736603 1.000000
185.753046 457.469455 1.000000
203.352324 462.884617 1.000000
189.814418 475.068733 1.000000
208.767487 478.227578 1.000000
185.753046 494.473065 1.000000
200.644743 495.826856 1.000000
283.225970 413.696892 1.000000
278.713335 428.137325 1.000000
263.821638 421.368372 1.000000
225.915501 414.599419 1.000000
237.197089 421.819635 1.000000
294.507559 429.039852 1.000000
307.142938 414.599419 1.000000
359.260690 419.585295 1.000000
365.578379 437.635837 1.000000
377.311231 424.097930 1.000000
396.264300 429.513093 1.000000
393.556719 441.245945 1.000000
396.264300 455.686378 1.000000
407.094625 479.152082 1.000000
485.614480 380.776631 1.000000
490.127116 490.884934 1.000000
472.076574 471.931865 1.000000
472.076574 439.440891 1.000000
445.000762 416.877714 1.000000
439.585600 430.415620 1.000000
441.390654 445.758580 1.000000
447.708343 452.076270 1.000000
453.123506 478.249555 1.000000
141.552642 169.079718 2.000000
210.243060 184.631917 2.000000
178.072202 165.436823 2.000000
38.180505 176.718412 2.000000
300.359522 187.097473 2.000000
323.373963 198.830325 2.000000
101.808664 401.978994 2.000000
51.267148 398.368885 2.000000
102.259928 163.631769 3.000000
84.209386 171.754513 3.000000
415.438343 413.196447 3.000000
173.559567 407.845420 3.000000
157.314079 402.881521 3.000000
280.485602 390.473213 3.000000
116.700361 295.580683 4.000000
127.981949 298.288265 4.000000
104.967509 289.714257 4.000000
58.036101 317.692597 4.000000
25.545126 305.508481 4.000000
121.212996 96.393502 4.000000
255.712720 305.002452 4.000000
327.455337 338.527818 4.000000
320.680844 413.245628 4.000000
479.154372 395.650273 0.000000
455.930328 397.016393 0.000000
133.184426 473.519126 0.000000
91.891055 386.050817 0.000000
372.596995 309.243169 0.000000
42.678962 142.576503 0.000000
104.154372 122.084699 0.000000
