232.234808 355.498396 1.000000
210.122895 341.057963 1.000000
218.245639 354.144605 1.000000
252.090404 358.205977 1.000000
280.971270 364.974930 1.000000
302.631920 370.390093 1.000000
285.032642 348.278179 1.000000
286.386433 340.155436 1.000000
251.187877 336.545327 1.000000
247.126505 323.458685 1.000000
282.325061 309.920778 1.000000
331.512787 318.946049 1.000000
316.169826 304.054352 1.000000
338.733003 310.372042 1.000000
339.184267 293.224028 1.000000
365.808816 284.650020 1.000000
380.249249 308.566988 1.000000
362.649971 319.848576 1.000000
359.942390 339.252908 1.000000
251.187877 308.566988 1.000000
270.140946 337.899118 1.000000
215.086794 332.935219 1.000000
222.758274 299.541717 1.000000
191.621090 323.007421 1.000000
414.563956 355.462727 1.000000
425.845545 353.657673 1.000000
424.491754 339.217240 1.000000
430.809444 325.679334 1.000000
462.397891 313.946482 1.000000
406.441213 293.639622 1.000000
397.415942 303.567420 1.000000
379.816664 329.289442 1.000000
389.293198 340.119767 1.000000
401.477314 367.195579 1.000000
486.314859 340.119767 1.000000
476.838325 333.350814 1.000000
478.192115 267.015074 1.000000
497.596447 263.404965 1.000000
498.950238 282.358034 1.000000
489.022440 312.141428 1.000000
427.199335 294.542150 1.000000
415.917747 278.296662 1.000000
436.675870 265.661283 1.000000
178.072202 80.599278 1.000000
186.194946 75.635379 1.000000
195.671480 72.025271 1.000000
209.209386 100.003610 1.000000
209.209386 84.209386 1.000000
222.747292 84.209386 1.000000
237.638989 81.953069 1.000000
252.079422 89.624549 1.000000
130.689531 64.805054 1.000000
140.617329 55.328520 1.000000
146.483755 80.148014 1.000000
154.155235 71.574007 1.000000
256.140794 126.628159 1.000000
248.018051 131.140794 1.000000
264.263538 138.361011 1.000000
253.433213 111.285199 1.000000
293.595668 86.465704 1.000000
288.180505 100.003610 1.000000
290.888087 133.848375 1.000000
303.523466 136.555957 1.000000
289.985560 144.678700 1.000000
198.830325 137.007220 1.000000
192.963899 123.920578 1.000000
180.779783 114.895307 1.000000
169.949458 106.772563 1.000000
213.722022 133.397112 1.000000
167.241877 146.935018 2.000000
134.299639 140.617329 2.000000
139.263538 132.494585 2.000000
123.920578 118.505415 2.000000
144.227437 110.382671 2.000000
72.025271 176.267148 2.000000
72.476534 164.083032 2.000000
81.501805 160.924188 2.000000
96.844765 183.938628 2.000000
104.967509 154.155235 2.000000
117.151625 132.945848 2.000000
56.682310 126.176895 2.000000
38.180505 119.859206 2.000000
46.754513 114.444043 2.000000
18.324910 97.296029 2.000000
119.859206 189.805054 2.000000
126.176895 178.523466 2.000000
139.714801 196.574007 2.000000
185.743682 182.133574 2.000000
178.974729 198.830325 2.000000
169.949458 211.465704 2.000000
156.411552 210.563177 2.000000
146.935018 240.797834 2.000000
172.657040 226.357401 2.000000
169.498195 256.140794 2.000000
159.119134 262.007220 2.000000
113.090253 253.433213 2.000000
54.877256 213.270758 2.000000
68.866426 194.768953 2.000000
92.783394 105.418773 2.000000
90.075812 98.649819 2.000000
87.368231 88.270758 2.000000
119.407942 80.599278 2.000000
207.855596 174.913357 3.000000
499.815457 430.622155 4.000000
497.107876 440.549953 4.000000
479.057334 464.918184 4.000000
475.898489 439.647426 4.000000
483.118706 436.939845 4.000000
484.021233 423.401938 4.000000
488.082605 405.802660 4.000000
472.739644 422.499411 4.000000
465.519428 433.329736 4.000000
456.945421 439.647426 4.000000
446.115096 429.268364 4.000000
451.981522 418.438039 4.000000
435.857047 412.780852 4.000000
436.638561 427.463310 4.000000
433.930980 436.488581 4.000000
426.259500 431.073419 4.000000
402.334002 407.397846 4.000000
389.698623 392.054885 4.000000
408.200428 432.217340 4.000000
403.687793 443.047665 4.000000
404.711332 456.487211 4.000000
384.855737 447.802326 4.000000
393.759995 442.596402 4.000000
376.160717 417.325643 4.000000
361.720284 423.643333 4.000000
353.597540 415.520589 4.000000
356.305121 438.083766 4.000000
350.889959 450.267882 4.000000
371.295178 457.004048 4.000000
387.893569 461.098207 4.000000
392.406204 472.831059 4.000000
397.821367 463.805788 4.000000
417.225699 494.942972 4.000000
390.149887 492.235391 4.000000
372.550609 487.722755 4.000000
364.879129 481.856329 4.000000
440.240139 453.877990 4.000000
459.239047 359.524099 4.000000
456.982729 373.062005 4.000000
299.010830 165.436823 4.000000
143.324910 156.411552 4.000000
125.725632 149.642599 4.000000
391.548502 132.454351 0.000000
402.604137 143.866619 0.000000
394.044936 154.922254 0.000000
380.849501 138.517118 0.000000
367.654066 135.664051 0.000000
371.577033 152.425820 0.000000
383.345934 162.768188 0.000000
413.659772 137.803852 0.000000
411.519971 127.818117 0.000000
390.835235 116.405849 0.000000
366.584165 102.853780 0.000000
357.668331 111.412981 0.000000
345.186163 97.504280 0.000000
326.284593 120.328816 0.000000
351.605563 139.230385 0.000000
315.585592 107.846648 0.000000
326.284593 103.923680 0.000000
336.983595 113.552782 0.000000
491.762482 65.942225 0.000000
492.119116 79.494294 0.000000
472.147646 70.935093 0.000000
431.491441 66.655492 0.000000
462.875178 47.397290 0.000000
428.638374 33.488588 0.000000
421.149073 41.334522 0.000000
456.099144 32.775321 0.000000
461.805278 12.803852 0.000000
486.412981 13.517118 0.000000
494.258916 24.572753 0.000000
391.548502 14.230385 0.000000
380.849501 16.726819 0.000000
370.150499 18.153352 0.000000
358.738231 23.146220 0.000000
356.598431 15.656919 0.000000
391.548502 55.243224 0.000000
365.870899 54.173324 0.000000
371.933666 39.194722 0.000000
326.284593 30.278887 0.000000
307.026391 32.062054 0.000000
288.838088 39.194722 0.000000
298.110556 55.956491 0.000000
260.307418 27.782454 0.000000
283.845221 17.796719 0.000000
167.939372 41.334522 0.000000
151.890870 41.334522 0.000000
138.338802 41.691155 0.000000
124.073466 33.488588 0.000000
111.234665 23.859486 0.000000
121.933666 54.173324 0.000000
97.325963 49.180456 0.000000
93.046362 53.816690 0.000000
102.675464 63.802425 0.000000
91.976462 62.019258 0.000000
79.137660 58.809558 0.000000
74.858060 49.180456 0.000000
70.221826 34.201854 0.000000
58.452924 36.698288 0.000000
64.159058 49.893723 0.000000
51.320257 55.599857 0.000000
42.761056 31.348787 0.000000
63.802425 16.013552 0.000000
93.759629 26.355920 0.000000
59.879458 255.136234 0.000000
59.166191 277.247504 0.000000
53.460057 297.218973 0.000000
70.935093 329.672611 0.000000
84.487161 323.609843 0.000000
80.564194 299.715407 0.000000
100.892297 301.141940 0.000000
131.206134 315.050642 0.000000
134.772468 297.932240 0.000000
159.023538 315.407275 0.000000
149.751070 342.511412 0.000000
129.422967 333.595578 0.000000
196.470043 368.189016 0.000000
195.043509 379.244650 0.000000
198.253210 396.006419 0.000000
185.414408 401.712553 0.000000
103.388730 220.186163 0.000000
54.886591 379.066334 0.000000
43.117689 377.283167 0.000000
39.551355 366.584165 0.000000
48.467190 355.171897 0.000000
64.515692 348.752496 0.000000
35.628388 349.109130 0.000000
34.201854 330.207561 0.000000
22.789586 301.320257 0.000000
23.859486 313.089158 0.000000
11.020685 317.725392 0.000000
18.509986 351.248930 0.000000
8.524251 350.892297 0.000000
17.083452 402.960770 0.000000
21.719686 417.939372 0.000000
7.097718 422.218973 0.000000
15.300285 427.568474 0.000000
47.397290 422.218973 0.000000
30.278887 439.337375 0.000000
66.655492 421.862340 0.000000
55.956491 405.457204 0.000000
30.278887 476.070613 0.000000
17.440086 479.636947 0.000000
12.090585 487.126248 0.000000
16.370185 493.902282 0.000000
34.558488 492.119116 0.000000
49.537090 491.762482 0.000000
51.676890 480.350214 0.000000
66.655492 478.923680 0.000000
93.402996 485.699715 0.000000
108.381598 489.266049 0.000000
99.465763 478.923680 0.000000
101.962197 464.301712 0.000000
89.836662 456.812411 0.000000
105.528531 444.330243 0.000000
124.786733 450.393010 0.000000
141.905136 438.267475 0.000000
139.765335 461.092011 0.000000
130.492867 469.294579 0.000000
134.415835 492.832382 0.000000
121.220399 420.792439 0.000000
119.437233 407.597004 0.000000
131.206134 399.394437 0.000000
121.220399 363.374465 0.000000
176.855207 489.979315 0.000000
212.161912 470.007846 0.000000
227.853780 466.084879 0.000000
242.475749 454.672611 0.000000
228.210414 446.470043 0.000000
244.258916 442.547076 0.000000
221.791013 412.946505 0.000000
206.455777 427.925107 0.000000
198.966476 419.722539 0.000000
247.111983 421.149073 0.000000
205.385877 437.554208 0.000000
199.323110 448.609843 0.000000
193.616976 458.238944 0.000000
262.090585 409.023538 0.000000
289.194722 400.820970 0.000000
300.250357 391.548502 0.000000
337.340228 278.085426 0.000000
321.648359 284.861460 0.000000
300.963623 283.078293 0.000000
349.822397 270.239491 0.000000
208.060628 209.130528 0.000000
217.689729 215.549929 0.000000
213.766762 240.514265 0.000000
281.527104 217.333096 0.000000
283.310271 222.325963 0.000000
267.975036 220.186163 0.000000
233.738231 219.472896 0.000000
261.912268 164.551355 0.000000
283.666904 153.852354 0.000000
327.532810 193.438659 0.000000
326.462910 229.101997 0.000000
351.783880 217.333096 0.000000
303.281740 200.214693 0.000000
301.855207 210.557061 0.000000
365.514265 203.424869 0.000000
380.136234 208.061103 0.000000
392.618402 223.752971 0.000000
410.806705 219.830004 0.000000
407.953638 181.313599 0.000000
448.609843 181.670232 0.000000
459.308845 190.586067 0.000000
470.721113 226.606038 0.000000
