65.707581 15.166065 1.000000
13.812274 26.898917 1.000000
7.945848 6.592058 1.000000
11.555957 49.010830 1.000000
43.595668 56.682310 1.000000
47.205776 67.512635 1.000000
49.010830 86.465704 1.000000
6.592058 71.122744 1.000000
178.072202 148.288809 1.000000
176.718412 163.631769 1.000000
174.010830 171.303249 1.000000
187.725188 125.176008 1.000000
200.184116 118.956679 1.000000
215.075812 108.126354 1.000000
229.064982 100.906137 1.000000
167.241877 95.039711 1.000000
145.581227 105.870036 1.000000
129.335740 120.761733 1.000000
102.259928 116.700361 1.000000
86.014440 117.151625 1.000000
69.768953 109.931408 1.000000
58.938628 97.296029 1.000000
171.303249 83.306859 1.000000
180.328520 68.415162 1.000000
203.809422 4.787004 1.000000
208.773321 11.555957 1.000000
213.285956 25.996390 1.000000
224.567544 43.595668 1.000000
240.813032 48.559567 1.000000
251.643357 60.292419 1.000000
267.437580 62.548736 1.000000
288.195703 61.194946 1.000000
312.600923 46.876576 0.000000
322.040469 39.083032 1.000000
337.383429 15.166065 1.000000
287.744440 103.613718 1.000000
268.791371 100.906137 1.000000
247.581985 95.942238 1.000000
373.935775 154.155235 1.000000
368.069349 169.046931 1.000000
360.397869 183.938628 1.000000
355.433970 160.924188 1.000000
325.375765 148.288809 1.000000
315.304302 125.725632 1.000000
300.314245 113.475943 1.000000
327.455631 182.584838 1.000000
324.748050 167.241877 1.000000
322.040469 203.342960 1.000000
314.820252 214.173285 1.000000
350.921335 197.476534 1.000000
356.787761 223.649819 1.000000
396.935018 7.043321 1.000000
397.386282 26.447653 1.000000
401.447653 43.144404 1.000000
408.216606 67.061372 1.000000
421.754513 73.379061 1.000000
432.584838 86.014440 1.000000
447.025271 94.137184 1.000000
461.916968 100.003610 1.000000
473.198556 100.906137 1.000000
498.469314 100.906137 1.000000
397.386282 137.458484 1.000000
409.570397 132.494585 1.000000
417.693141 128.884477 1.000000
429.877256 123.920578 1.000000
442.963899 129.787004 1.000000
456.501805 126.176895 1.000000
463.722022 132.494585 1.000000
474.101083 137.458484 1.000000
486.736462 145.129964 1.000000
493.054152 153.703971 1.000000
40.613275 123.920578 2.000000
66.158845 136.555957 2.000000
52.620939 174.010830 2.000000
41.097325 159.537610 2.000000
2.981949 141.068592 2.000000
97.747292 151.898917 2.000000
311.210144 76.989170 2.000000
333.498509 110.107860 2.000000
376.908034 125.153356 2.000000
377.094620 137.007220 2.000000
328.809422 212.368231 2.000000
409.537610 114.202018 2.000000
50.364621 44.949458 3.000000
32.314079 24.191336 3.000000
32.765343 52.169675 3.000000
39.985560 100.003610 3.000000
16.519856 99.552347 3.000000
13.361011 111.736462 3.000000
27.801444 114.444043 3.000000
48.559567 116.249097 3.000000
33.667870 130.689531 3.000000
56.682310 142.664408 3.000000
76.086643 148.288809 3.000000
52.620939 157.314079 3.000000
63.451264 170.851986 3.000000
27.801444 148.288809 3.000000
15.166065 152.801444 3.000000
2.981949 131.801296 3.000000
91.429603 159.570397 3.000000
96.184263 142.697194 3.000000
134.299639 161.375451 3.000000
104.516245 183.036101 3.000000
107.223827 163.180505 3.000000
78.794224 179.425993 3.000000
63.451264 191.158845 3.000000
134.750903 183.938628 3.000000
142.873646 174.010830 3.000000
209.209386 91.880866 3.000000
161.826715 104.967509 3.000000
172.657040 100.906137 3.000000
145.581227 113.090253 3.000000
122.566787 113.992780 3.000000
109.931408 123.469314 3.000000
189.805054 58.938628 3.000000
169.949458 7.945848 3.000000
212.834692 60.292419 3.000000
209.675848 67.512635 3.000000
217.347328 69.317690 3.000000
203.358158 56.682310 3.000000
208.322057 39.534296 3.000000
195.454881 26.033379 0.000000
336.029638 35.924188 3.000000
344.603645 23.740072 3.000000
371.679458 7.494585 3.000000
371.228194 40.436823 3.000000
357.690288 48.559567 3.000000
336.029638 50.364621 3.000000
382.961046 56.682310 3.000000
356.787761 79.245487 3.000000
340.993537 72.476534 3.000000
344.152382 109.480144 3.000000
357.690288 101.357401 3.000000
370.776931 90.978339 3.000000
246.228194 74.281588 3.000000
267.888844 77.891697 3.000000
290.903284 86.465704 3.000000
299.928555 71.574007 3.000000
330.889288 101.115376 3.000000
350.018808 129.787004 3.000000
367.013023 121.510461 3.000000
337.834692 163.180505 3.000000
335.578375 218.234657 3.000000
337.834692 208.758123 3.000000
340.091010 187.548736 3.000000
406.411552 95.490975 3.000000
397.386282 109.028881 3.000000
391.519856 92.783394 3.000000
375.274368 103.613718 3.000000
433.938628 105.870036 3.000000
118.505415 144.678700 4.000000
118.505415 185.743682 4.000000
346.859963 5.689531 4.000000
60.292419 26.447653 4.000000
21.935018 83.306859 4.000000
63.902527 151.898917 4.000000
109.931408 137.007220 4.000000
165.888087 184.389892 4.000000
176.718412 197.476534 4.000000
181.505859 34.714062 4.000000
247.581985 86.465704 4.000000
493.545649 282.597004 0.000000
479.636947 291.869472 0.000000
464.301712 295.792439 0.000000
448.253210 295.079173 0.000000
430.421541 294.365906 0.000000
413.303138 291.156205 0.000000
394.044936 282.597004 0.000000
380.849501 267.975036 0.000000
364.444365 257.989301 0.000000
364.444365 246.220399 0.000000
354.815264 233.381598 0.000000
340.193295 240.514265 0.000000
323.074893 245.150499 0.000000
324.144793 228.745364 0.000000
314.159058 244.437233 0.000000
298.467190 231.241797 0.000000
288.481455 240.870899 0.000000
267.440086 247.646933 0.000000
272.789586 258.345934 0.000000
303.460057 252.283167 0.000000
304.886591 263.695435 0.000000
303.816690 272.254636 0.000000
328.424394 261.555635 0.000000
326.284593 272.611270 0.000000
335.913695 256.206134 0.000000
349.822397 262.982168 0.000000
348.395863 271.541369 0.000000
368.367332 288.303138 0.000000
379.779601 295.435806 0.000000
381.919401 288.303138 0.000000
391.905136 296.862340 0.000000
413.303138 312.910842 0.000000
442.190442 307.204708 0.000000
438.980742 315.050642 0.000000
445.400143 317.547076 0.000000
468.937946 312.197575 0.000000
479.636947 316.120542 0.000000
484.273181 303.995007 0.000000
487.482882 327.889444 0.000000
465.014979 329.315977 0.000000
450.393010 327.176177 0.000000
433.274608 326.462910 0.000000
421.505706 320.043509 0.000000
422.932240 336.805278 0.000000
435.906971 346.449483 0.000000
444.234994 346.203201 0.000000
434.701141 353.923680 0.000000
437.554208 372.111983 0.000000
432.561341 374.608417 0.000000
428.281740 359.273181 0.000000
431.491441 391.013552 0.000000
284.558488 281.170471 0.000000
269.579886 286.876605 0.000000
193.082026 214.480029 0.000000
201.997860 230.171897 0.000000
219.472896 234.094864 0.000000
234.808131 243.723966 0.000000
245.150499 243.723966 0.000000
238.374465 259.415835 0.000000
232.311698 261.199001 0.000000
216.976462 250.856633 0.000000
197.718260 241.227532 0.000000
220.542796 276.534237 0.000000
228.745364 274.037803 0.000000
228.388730 282.597004 0.000000
245.863766 277.960770 0.000000
240.157632 273.681170 0.000000
214.123395 267.261769 0.000000
228.032097 304.351641 0.000000
228.745364 337.875178 0.000000
213.766762 321.826676 0.000000
209.843795 335.735378 0.000000
231.598431 348.574180 0.000000
226.605563 359.986448 0.000000
188.089158 366.762482 0.000000
190.942225 355.706847 0.000000
221.256063 384.532892 0.000000
223.752496 370.267557 0.000000
224.822397 394.161993 0.000000
239.444365 407.714062 0.000000
321.826676 295.731180 0.000000
323.966476 286.815346 0.000000
335.378745 286.815346 0.000000
338.588445 294.304647 0.000000
353.210414 299.868317 0.000000
367.119116 299.868317 0.000000
370.685449 310.567319 0.000000
384.594151 318.413253 0.000000
387.090585 328.398988 0.000000
394.579886 338.028089 0.000000
405.992154 346.230657 0.000000
405.278887 362.635792 0.000000
409.201854 376.901128 0.000000
408.488588 387.600129 0.000000
400.999287 400.438931 0.000000
392.083452 411.494565 0.000000
378.888017 421.480300 0.000000
368.189016 430.752768 0.000000
356.776748 432.535935 0.000000
343.937946 435.032369 0.000000
324.323110 434.319102 0.000000
305.421541 428.969601 0.000000
292.582739 427.543068 0.000000
277.604137 415.774166 0.000000
264.765335 397.585864 0.000000
249.786733 386.886862 0.000000
247.290300 375.831227 0.000000
245.507133 363.705692 0.000000
246.577033 349.083724 0.000000
259.415835 331.252055 0.000000
257.989301 320.196420 0.000000
265.478602 316.986720 0.000000
280.813837 303.791284 0.000000
291.512839 302.364751 0.000000
301.141940 295.588717 0.000000
485.699715 344.116262 0.000000
468.224679 359.808131 0.000000
464.301712 375.143367 0.000000
457.525678 383.345934 0.000000
450.393010 402.604137 0.000000
453.246077 416.869472 0.000000
463.588445 428.638374 0.000000
462.518545 438.980742 0.000000
466.798146 452.176177 0.000000
473.574180 466.798146 0.000000
482.490014 482.846648 0.000000
495.328816 491.049215 0.000000
424.715407 433.631241 0.000000
428.281740 416.512839 0.000000
413.659772 432.204708 0.000000
424.715407 446.113409 0.000000
433.987874 455.742511 0.000000
458.595578 474.287447 0.000000
445.756776 488.552782 0.000000
450.393010 496.398716 0.000000
430.064907 496.398716 0.000000
427.925107 485.699715 0.000000
414.373039 477.497147 0.000000
412.589872 459.308845 0.000000
399.751070 467.154779 0.000000
386.199001 463.231812 0.000000
363.017832 462.161912 0.000000
333.417261 459.665478 0.000000
311.305991 465.371612 0.000000
294.900856 476.783880 0.000000
273.146220 492.475749 0.000000
288.124822 466.084879 0.000000
265.300285 458.952211 0.000000
258.167618 477.853780 0.000000
254.957917 496.755350 0.000000
299.537090 446.470043 0.000000
291.334522 435.414408 0.000000
263.517118 441.120542 0.000000
268.866619 426.141940 0.000000
255.314551 433.274608 0.000000
235.051490 450.548672 0.000000
220.721113 458.952211 0.000000
231.776748 470.007846 0.000000
238.909415 485.343081 0.000000
213.588445 498.538516 0.000000
198.253210 477.140514 0.000000
198.253210 465.371612 0.000000
202.889444 456.099144 0.000000
198.253210 447.183310 0.000000
188.624108 431.491441 0.000000
175.785307 412.946505 0.000000
158.310271 405.813837 0.000000
145.471469 398.324536 0.000000
129.422967 397.254636 0.000000
114.800999 394.758203 0.000000
107.668331 399.751070 0.000000
92.333096 398.681170 0.000000
77.354494 404.743937 0.000000
63.802425 417.226106 0.000000
53.816690 426.498573 0.000000
42.404422 441.477175 0.000000
42.047789 469.294579 0.000000
46.684023 483.916548 0.000000
52.746790 493.189016 0.000000
38.838088 497.825250 0.000000
28.139087 482.846648 0.000000
14.943652 464.658345 0.000000
5.671184 453.959344 0.000000
18.509986 431.134807 0.000000
3.531384 418.652639 0.000000
4.244650 404.743937 0.000000
20.649786 410.806705 0.000000
36.698288 408.310271 0.000000
47.397290 388.338802 0.000000
42.047789 374.073466 0.000000
35.628388 370.150499 0.000000
20.293153 366.940799 0.000000
23.502853 358.381598 0.000000
2.818117 366.227532 0.000000
8.524251 352.318830 0.000000
9.594151 338.410128 0.000000
17.083452 332.347361 0.000000
33.131954 333.060628 0.000000
40.977889 333.773894 0.000000
53.460057 349.109130 0.000000
47.040656 358.024964 0.000000
66.655492 361.234665 0.000000
82.703994 367.654066 0.000000
102.675464 372.290300 0.000000
122.646933 377.996434 0.000000
137.982168 384.415835 0.000000
156.883738 381.919401 0.000000
170.435806 390.121969 0.000000
183.274608 388.695435 0.000000
180.421541 397.967903 0.000000
192.190442 399.751070 0.000000
204.672611 389.052068 0.000000
187.197575 375.856633 0.000000
12.090585 312.507433 0.000000
18.509986 300.738531 0.000000
14.230385 287.186463 0.000000
25.642653 265.431827 0.000000
5.671184 267.928260 0.000000
116.940799 205.160785 0.000000
131.206134 207.657219 0.000000
143.688302 208.727119 0.000000
154.030670 213.006720 0.000000
164.016405 221.922554 0.000000
175.785307 234.761356 0.000000
182.561341 251.523125 0.000000
194.330243 259.012426 0.000000
192.547076 280.767062 0.000000
197.896576 288.612996 0.000000
192.190442 303.591598 0.000000
184.344508 321.779901 0.000000
167.939372 332.122269 0.000000
157.597004 340.681470 0.000000
149.751070 348.527404 0.000000
136.912268 350.667205 0.000000
125.856633 355.660072 0.000000
108.024964 356.373339 0.000000
99.109130 360.652939 0.000000
89.836662 356.016705 0.000000
67.725392 342.108003 0.000000
56.669757 325.346235 0.000000
48.467190 314.290600 0.000000
42.047789 302.165065 0.000000
35.628388 286.829829 0.000000
37.768188 276.487461 0.000000
43.830956 263.648660 0.000000
47.397290 253.306292 0.000000
50.606990 237.257789 0.000000
63.445792 224.775621 0.000000
78.067760 215.146520 0.000000
89.123395 212.293453 0.000000
102.318830 205.874052 0.000000
32.418688 214.979363 0.000000
28.139087 192.868093 0.000000
8.880884 190.371659 0.000000
9.594151 199.644127 0.000000
6.384451 175.749691 0.000000
9.950785 218.902330 0.000000
7.810984 232.811032 0.000000
3.531384 244.223300 0.000000
209.004098 417.849727 0.000000
227.105191 421.265027 0.000000
161.872951 133.355191 0.000000
