112.124835 4.132761 2.000000
409.020476 288.478864 2.000000
426.854029 310.935931 2.000000
451.953104 319.522457 2.000000
354.198811 401.424703 2.000000
406.378468 369.060106 2.000000
445.348085 403.406209 2.000000
228.703435 279.231836 2.000000
219.456407 291.120872 2.000000
198.650594 134.747028 3.000000
188.082563 139.040291 3.000000
193.366579 167.772127 3.000000
199.641347 100.731176 3.000000
142.507926 23.617569 3.000000
360.143329 114.766843 3.000000
387.223910 301.028402 3.000000
412.322985 311.596433 3.000000
453.934610 333.392999 3.000000
374.674373 408.690225 3.000000
435.440555 376.986129 3.000000
441.385073 387.554161 3.000000
452.613606 390.856671 3.000000
463.842140 399.443197 3.000000
272.957067 321.503963 3.000000
195.678336 272.461691 3.000000
169.918758 279.066711 3.000000
158.359974 270.149934 3.000000
179.165786 160.506605 4.000000
189.733818 201.127477 4.000000
166.946499 22.296565 4.000000
476.391678 364.436592 4.000000
121.041612 493.234478 4.000000
126.986129 455.585865 4.000000
62.917437 452.283355 4.000000
358.161823 332.732497 4.000000
167.047789 190.585592 0.000000
149.929387 207.703994 0.000000
119.972183 192.012126 0.000000
78.881148 188.000000 0.000000
171.777322 174.338798 0.000000
164.263661 264.502732 0.000000
161.531421 224.543716 0.000000
178.607923 218.737705 0.000000
198.758197 237.863388 0.000000
207.296448 278.505464 0.000000
104.666667 432.193989 0.000000
359.448087 492.303279 0.000000
469.420765 427.412568 0.000000
395.650273 377.549180 0.000000
349.885246 344.079235 0.000000
441.244536 328.710383 0.000000
156.066940 232.398907 0.000000
144.796448 234.106557 0.000000
168.362022 256.647541 0.000000
175.875683 251.866120 0.000000
407.262295 4.598361 0.000000
