13.398025 158.667870 1.000000
6.177808 211.465704 1.000000
45.437736 220.490975 1.000000
35.058675 196.122744 1.000000
35.961202 174.462094 1.000000
47.694054 160.472924 1.000000
30.997303 135.653430 1.000000
56.719325 128.433213 1.000000
81.538819 141.971119 1.000000
59.878169 108.577617 1.000000
46.340263 94.588448 1.000000
66.647122 78.342960 1.000000
72.062285 99.552347 1.000000
15.654343 100.906137 1.000000
4.824018 89.624549 1.000000
12.044234 33.216606 1.000000
10.239180 11.555957 1.000000
29.643512 51.267148 1.000000
32.351093 11.104693 1.000000
40.033702 71.122744 1.000000
59.889298 55.328520 1.000000
61.694352 70.671480 1.000000
92.831536 69.768953 1.000000
90.123955 104.967509 1.000000
97.795435 133.848375 1.000000
114.492186 86.916968 1.000000
119.456085 104.064982 1.000000
126.225038 62.097473 1.000000
139.311681 73.379061 1.000000
140.665471 85.111913 1.000000
177.217818 87.819495 1.000000
140.214208 56.231047 1.000000
149.239479 48.108303 1.000000
159.618540 22.386282 1.000000
178.120345 36.826715 1.000000
193.473110 84.209386 1.000000
208.816071 73.379061 1.000000
226.415349 67.963899 1.000000
229.574193 54.425993 1.000000
242.660836 49.913357 1.000000
252.137370 41.790614 1.000000
240.855782 30.960289 1.000000
230.025457 23.288809 1.000000
200.693327 33.667870 1.000000
201.595854 16.068592 1.000000
187.155421 19.227437 1.000000
290.512763 11.104693 1.000000
354.967509 236.285199 1.000000
350.906137 222.296029 1.000000
368.054152 207.855596 1.000000
368.054152 171.754513 1.000000
382.043321 156.862816 1.000000
388.361011 144.678700 1.000000
407.314079 120.761733 1.000000
422.657040 112.187726 1.000000
434.841155 106.321300 1.000000
448.379061 100.906137 1.000000
455.599278 88.722022 1.000000
470.490975 77.440433 1.000000
492.006139 66.064215 1.000000
128.942424 198.379061 2.000000
119.014627 183.938628 2.000000
132.719906 177.788312 2.000000
143.834121 218.685921 2.000000
160.079608 201.989170 2.000000
196.180692 195.671480 2.000000
184.447840 177.620939 2.000000
165.043507 165.888087 2.000000
204.470808 166.863357 2.000000
214.660609 134.467012 2.000000
232.638408 158.835243 2.000000
242.209572 127.530686 2.000000
263.870222 151.447653 2.000000
268.834121 158.667870 2.000000
229.574193 187.548736 2.000000
241.307045 192.512635 2.000000
223.467651 249.160694 2.000000
283.743810 130.689531 2.000000
293.220344 145.581227 2.000000
294.122871 168.595668 2.000000
313.075940 167.693141 2.000000
317.137312 151.898917 2.000000
346.018178 157.765343 2.000000
355.043449 158.667870 2.000000
350.079550 137.458484 2.000000
340.603016 124.823105 2.000000
338.543040 112.900992 2.000000
318.491103 127.981949 2.000000
302.245615 103.613718 2.000000
344.213124 97.296029 2.000000
377.155362 120.310469 2.000000
371.740200 106.772563 2.000000
389.339478 106.321300 2.000000
400.169803 91.880866 2.000000
409.195074 104.516245 2.000000
382.570525 80.599278 2.000000
357.751030 80.148014 2.000000
349.628287 60.743682 2.000000
372.642727 57.584838 2.000000
397.462222 50.364621 2.000000
417.245074 40.458710 2.000000
435.251841 37.729242 2.000000
417.317817 21.935018 2.000000
423.184243 12.909747 2.000000
422.281716 2.530686 2.000000
394.754640 25.996390 2.000000
450.635379 53.523466 2.000000
462.368231 44.046931 2.000000
484.480144 35.924188 2.000000
493.505415 15.166065 2.000000
119.465890 210.563177 3.000000
102.769139 232.675090 3.000000
140.675276 172.205776 3.000000
187.155421 154.155235 3.000000
214.231233 174.462094 3.000000
212.877442 153.703971 3.000000
242.660836 177.169675 3.000000
232.165257 234.006994 3.000000
213.779969 236.285199 3.000000
318.491103 110.382671 3.000000
383.473052 95.039711 3.000000
413.256446 74.281588 3.000000
401.974857 71.122744 3.000000
406.036229 43.595668 3.000000
197.361626 49.180456 4.000000
404.743937 258.345934 0.000000
427.568474 274.037803 0.000000
429.351641 284.380171 0.000000
443.260342 299.358773 0.000000
431.134807 299.358773 0.000000
461.805278 276.890870 0.000000
468.581312 254.066334 0.000000
477.853780 262.982168 0.000000
445.043509 263.338802 0.000000
467.154779 305.064907 0.000000
482.490014 318.616976 0.000000
481.776748 296.149073 0.000000
462.161912 333.952211 0.000000
447.539943 344.651213 0.000000
434.344508 332.882311 0.000000
421.862340 328.246077 0.000000
418.296006 343.937946 0.000000
431.491441 361.769615 0.000000
444.330243 359.986448 0.000000
421.862340 367.832382 0.000000
407.953638 359.629815 0.000000
436.484308 376.636621 0.000000
416.512839 387.335622 0.000000
411.876605 374.853454 0.000000
400.107703 379.133054 0.000000
419.009272 402.314224 0.000000
434.701141 420.502526 0.000000
436.840942 428.705094 0.000000
425.785307 433.697961 0.000000
440.050642 443.683696 0.000000
453.602710 440.473996 0.000000
460.735378 431.914795 0.000000
432.917974 472.147646 0.000000
425.072040 460.022111 0.000000
455.385877 472.147646 0.000000
476.070613 459.308845 0.000000
490.335949 450.036377 0.000000
473.217546 474.644080 0.000000
476.783880 492.119116 0.000000
492.475749 489.266049 0.000000
415.086305 448.609843 0.000000
385.129101 429.351641 0.000000
372.646933 421.149073 0.000000
366.940799 432.204708 0.000000
351.605563 437.554208 0.000000
372.646933 453.959344 0.000000
395.471469 402.604137 0.000000
395.114836 416.512839 0.000000
381.919401 408.666904 0.000000
377.639800 392.618402 0.000000
384.415835 387.268902 0.000000
384.059201 374.073466 0.000000
381.206134 359.451498 0.000000
360.521398 380.136234 0.000000
354.101997 390.835235 0.000000
368.723966 398.324536 0.000000
347.325963 368.723966 0.000000
316.298859 373.360200 0.000000
302.746790 384.415835 0.000000
317.725392 391.548502 0.000000
342.333096 386.912268 0.000000
350.179030 401.177603 0.000000
336.983595 446.826676 0.000000
319.865193 448.609843 0.000000
319.865193 461.805278 0.000000
304.886591 464.301712 0.000000
391.905136 313.197905 0.000000
405.100571 299.289204 0.000000
415.799572 303.568804 0.000000
404.743937 320.330573 0.000000
375.143367 271.471800 0.000000
362.304565 274.681500 0.000000
355.528531 264.695766 0.000000
349.109130 252.926864 0.000000
363.374465 251.500331 0.000000
356.598431 188.019589 0.000000
351.962197 194.438990 0.000000
345.186163 246.150830 0.000000
336.626961 272.541700 0.000000
341.263195 289.660102 0.000000
349.822397 314.624439 0.000000
358.381598 300.002470 0.000000
329.494294 302.142271 0.000000
326.997860 274.324867 0.000000
319.865193 290.730002 0.000000
306.669757 291.086636 0.000000
316.655492 324.966807 0.000000
278.139087 304.995338 0.000000
285.628388 312.484639 0.000000
287.813498 339.520868 0.000000
268.153352 327.395333 0.000000
269.579886 347.366802 0.000000
259.950785 347.366802 0.000000
241.762482 348.793336 0.000000
274.929387 361.988771 0.000000
261.703745 374.993709 0.000000
269.579886 385.526574 0.000000
269.579886 409.777644 0.000000
271.006419 424.715407 0.000000
272.076320 441.120542 0.000000
197.539943 267.620539 0.000000
84.843795 250.143367 0.000000
72.718260 268.331669 0.000000
63.445792 269.044936 0.000000
49.537090 307.917974 0.000000
8.880884 332.169044 0.000000
18.509986 339.658345 0.000000
50.250357 376.034950 0.000000
94.116262 380.492867 0.000000
104.458631 380.492867 0.000000
111.234665 341.976462 0.000000
121.220399 326.641227 0.000000
28.139087 399.394437 0.000000
17.440086 413.303138 0.000000
17.440086 458.595578 0.000000
158.666904 335.913695 0.000000
157.953638 357.668331 0.000000
157.240371 372.290300 0.000000
158.666904 387.625535 0.000000
144.401569 387.625535 0.000000
129.066334 389.408702 0.000000
120.863766 404.030670 0.000000
132.276034 410.450071 0.000000
115.870899 422.932240 0.000000
100.892297 418.652639 0.000000
107.311698 429.708274 0.000000
96.256063 434.344508 0.000000
94.472896 446.470043 0.000000
93.402996 461.092011 0.000000
72.004993 478.923680 0.000000
122.290300 440.407275 0.000000
109.808131 452.889444 0.000000
140.835235 432.917974 0.000000
149.037803 447.183310 0.000000
161.163338 453.602710 0.000000
150.820970 466.084879 0.000000
173.288873 467.868046 0.000000
136.912268 470.721113 0.000000
145.114836 484.986448 0.000000
135.129101 498.181883 0.000000
104.101997 495.328816 0.000000
58.096291 492.475749 0.000000
73.788160 491.049215 0.000000
167.939372 484.629815 0.000000
190.050642 484.273181 0.000000
199.323110 472.504280 0.000000
222.147646 472.504280 0.000000
231.063481 486.769615 0.000000
261.020685 491.405849 0.000000
273.146220 486.412981 0.000000
282.775321 482.490014 0.000000
265.300285 469.651213 0.000000
268.509986 456.455777 0.000000
283.488588 466.441512 0.000000
185.057775 355.972542 0.000000
194.686876 347.056707 0.000000
201.106277 333.148005 0.000000
214.658345 344.916907 0.000000
215.014979 325.658704 0.000000
226.783880 321.022470 0.000000
236.769615 328.511771 0.000000
79.222678 50.021858 0.000000
77.173497 25.773224 0.000000
47.118852 12.795082 0.000000
54.290984 44.215847 0.000000
96.299180 89.639344 0.000000
104.154372 74.953552 0.000000
125.670765 93.054645 0.000000
142.405738 16.551913 0.000000
