251.490753 61.431308 1.000000
266.021797 71.338838 1.000000
259.416777 81.576618 1.000000
260.407530 93.795905 1.000000
275.929326 92.805152 1.000000
233.657199 91.153897 1.000000
222.428666 99.740423 1.000000
231.345443 110.308454 1.000000
212.851387 68.366579 1.000000
203.604359 67.375826 1.000000
226.391678 74.971598 1.000000
196.338838 71.999339 1.000000
184.780053 72.329590 1.000000
170.909511 81.246367 1.000000
188.082563 93.465654 1.000000
204.595112 90.493395 1.000000
198.650594 100.400925 1.000000
190.064069 126.490753 1.000000
200.301849 139.370542 1.000000
477.539460 96.636343 1.000000
481.502472 76.491033 1.000000
489.098245 83.096053 1.000000
465.650425 73.849025 1.000000
465.320174 88.049818 1.000000
450.789130 86.728814 1.000000
454.421891 67.904507 1.000000
444.184110 65.592750 1.000000
439.890847 76.821284 1.000000
434.276581 65.262499 1.000000
425.690055 64.271746 1.000000
414.131270 71.207017 1.000000
409.177505 85.077559 1.000000
397.288470 71.207017 1.000000
391.343952 76.821284 1.000000
383.087307 85.633451 1.000000
380.115048 93.559475 1.000000
374.170530 99.834244 1.000000
385.399064 107.099766 1.000000
385.729315 116.016542 1.000000
371.528522 113.044283 1.000000
370.537769 119.319052 1.000000
370.537769 129.887084 1.000000
381.436052 134.510598 1.000000
383.087307 145.739132 1.000000
394.315841 143.097124 1.000000
403.562868 148.381139 1.000000
420.735920 155.316410 1.000000
422.717426 167.205446 1.000000
406.204876 166.214693 1.000000
395.636845 160.930677 1.000000
391.343582 168.856701 1.000000
406.865378 176.782725 1.000000
402.572115 185.369250 1.000000
400.920860 195.607031 1.000000
404.223370 202.542302 1.000000
422.717426 195.937282 1.000000
431.634203 188.011258 1.000000
439.890477 179.424733 1.000000
443.853489 197.258286 1.000000
419.415898 181.368444 1.000000
425.360416 216.705300 1.000000
440.882213 211.091033 1.000000
457.725013 201.513755 1.000000
463.009029 208.118774 1.000000
468.953547 217.696053 1.000000
453.101499 226.282579 1.000000
445.175476 218.686806 1.000000
431.304934 233.217850 1.000000
447.156982 236.520360 1.000000
475.228316 229.915340 1.000000
466.972041 243.125379 1.000000
458.715766 252.042156 1.000000
471.925806 252.372407 1.000000
477.870324 258.977427 1.000000
492.401367 247.418642 1.000000
477.209822 240.813622 1.000000
440.064069 442.706077 1.000000
465.163144 440.724571 1.000000
476.391678 447.659841 1.000000
485.968956 439.403567 1.000000
413.974240 437.091810 1.000000
387.223910 423.551519 1.000000
392.507926 416.946499 1.000000
402.415456 417.607001 1.000000
415.295244 408.359974 1.000000
405.387715 400.433950 1.000000
442.706077 393.828930 1.000000
425.863276 397.461691 1.000000
451.953104 424.872523 1.000000
422.230515 420.249009 1.000000
429.826288 412.983487 1.000000
436.101057 404.396962 1.000000
450.301849 397.131440 1.000000
461.530383 397.131440 1.000000
476.721929 408.359974 1.000000
481.345443 393.498679 1.000000
489.271466 403.075958 1.000000
495.546235 400.433950 1.000000
463.511889 425.533025 1.000000
468.465654 413.643989 1.000000
476.391678 428.505284 1.000000
485.638705 422.560766 1.000000
372.360191 308.293923 1.000000
389.533243 316.880449 1.000000
371.699689 288.478864 1.000000
353.205634 291.120872 1.000000
354.526638 277.910832 1.000000
359.810654 269.324306 1.000000
345.279610 271.966314 1.000000
334.051076 266.682299 1.000000
336.692976 242.527389 1.000000
323.813187 251.444165 1.000000
310.933284 236.133417 1.000000
312.254288 222.262875 1.000000
303.337511 224.244381 1.000000
292.439228 216.318357 1.000000
289.136718 204.759573 1.000000
286.824961 190.228529 1.000000
287.155212 176.357987 1.000000
281.210695 171.073972 1.000000
274.935926 184.944513 1.000000
269.982161 195.512545 1.000000
264.698145 181.311752 1.000000
254.790615 178.999995 1.000000
252.478858 167.110960 1.000000
252.809109 151.258912 1.000000
239.929321 158.524434 1.000000
239.929321 176.688238 1.000000
247.525094 162.157195 1.000000
219.121397 164.574559 1.000000
201.618094 154.667029 1.000000
191.050062 159.951045 1.000000
200.297090 181.087109 1.000000
188.738305 175.803093 1.000000
187.747553 185.710622 1.000000
171.565254 179.766105 1.000000
165.950987 169.528324 1.000000
152.080446 172.170332 1.000000
140.191410 174.151838 1.000000
125.330115 177.784599 1.000000
134.577143 185.380371 1.000000
110.799072 181.417360 1.000000
123.678860 187.031626 1.000000
119.715848 194.297148 1.000000
112.450327 199.581164 1.000000
89.993259 205.855933 1.000000
162.977835 194.402922 1.000000
212.185233 217.520491 1.000000
206.570966 195.063424 1.000000
207.231468 203.649949 1.000000
161.987082 205.301204 1.000000
154.391309 199.686937 1.000000
142.502274 201.998694 1.000000
127.310728 201.998694 1.000000
137.878760 209.264216 1.000000
131.273740 214.217981 1.000000
152.079552 213.887730 1.000000
171.564361 206.622208 1.000000
184.444149 206.952459 1.000000
182.792895 193.412169 1.000000
173.876118 222.804507 1.000000
151.749301 225.446515 1.000000
134.906501 237.665801 1.000000
143.162776 234.363291 1.000000
188.076910 225.446515 1.000000
197.654189 216.529738 1.000000
200.626448 231.060782 1.000000
209.873476 234.033040 1.000000
223.413766 226.767519 1.000000
161.988065 244.588973 1.000000
145.805766 246.900730 1.000000
160.006559 262.092275 1.000000
148.778025 258.459514 1.000000
168.923335 267.376291 1.000000
173.216598 275.962817 1.000000
187.747642 277.283821 1.000000
194.682913 257.799012 1.000000
190.059399 237.983953 1.000000
199.636678 247.891483 1.000000
210.534960 243.598220 1.000000
206.241697 253.175499 1.000000
205.911446 269.688048 1.000000
220.112239 272.660307 1.000000
173.546849 247.561232 1.000000
219.121486 284.219092 1.000000
203.929940 283.228339 1.000000
225.396255 293.796370 1.000000
232.661777 284.879594 1.000000
241.908804 283.888841 1.000000
242.899557 271.669554 1.000000
249.504577 276.623319 1.000000
255.449095 267.046040 1.000000
240.918051 260.441020 1.000000
231.671024 266.055287 1.000000
235.304799 306.215105 1.000000
246.533333 296.637826 1.000000
260.073623 299.279834 1.000000
270.641655 307.205858 1.000000
262.055129 313.810877 1.000000
253.468603 311.168869 1.000000
248.184588 317.443638 1.000000
237.616556 314.801630 1.000000
281.539938 316.452885 1.000000
274.274416 320.746148 1.000000
281.539938 328.341921 1.000000
275.595420 327.351168 1.000000
264.697137 331.644431 1.000000
269.320651 339.570455 1.000000
277.907177 338.909953 1.000000
287.154204 342.212463 1.000000
298.052487 354.431749 1.000000
337.682606 332.635184 1.000000
284.842447 352.780494 1.000000
272.292910 358.394761 1.000000
295.080228 364.009028 1.000000
292.768471 370.944299 1.000000
301.685248 376.888817 1.000000
304.987758 386.796346 1.000000
317.537296 372.595554 1.000000
316.876794 383.493836 1.000000
331.407837 376.228315 1.000000
346.599383 359.715765 1.000000
277.748699 367.866932 1.000000
263.878157 368.527434 1.000000
267.841169 383.718979 1.000000
281.381460 378.104712 1.000000
269.822675 394.287011 1.000000
267.180667 405.185293 1.000000
278.409201 401.882784 1.000000
275.106691 408.818054 1.000000
282.041962 391.314752 1.000000
287.656229 404.855043 1.000000
281.051209 424.339851 1.000000
268.501671 423.679349 1.000000
258.924392 411.129811 1.000000
260.575647 428.633114 1.000000
252.319373 418.395333 1.000000
240.760588 420.707090 1.000000
221.606030 404.194541 1.000000
218.303520 392.305505 1.000000
295.252001 396.268517 1.000000
31.048217 450.658461 1.000000
11.233157 439.760178 1.000000
2.976882 436.127417 1.000000
6.279392 446.365198 1.000000
44.918758 430.843401 1.000000
25.764201 455.942476 1.000000
5.288639 356.444086 1.000000
33.690225 333.987018 1.000000
42.937252 330.024006 4.000000
15.856671 321.437481 1.000000
6.279392 326.060994 1.000000
14.205416 333.656767 1.000000
46.900264 322.428233 1.000000
54.826288 322.758484 1.000000
52.844782 348.848313 1.000000
62.422061 334.647520 1.000000
67.375826 339.271034 1.000000
83.227873 341.252540 1.000000
75.632100 342.243293 1.000000
78.604359 353.471827 1.000000
82.897622 368.333121 1.000000
34.020476 348.518062 1.000000
76.292602 330.684508 1.000000
68.366579 323.418986 1.000000
89.502642 346.866807 1.000000
94.786658 356.113835 1.000000
97.098415 341.252540 1.000000
102.712682 351.820572 1.000000
109.317701 340.592038 1.000000
113.941215 349.839066 1.000000
108.326948 360.407097 1.000000
99.740423 368.333121 1.000000
110.968956 373.947388 1.000000
118.894980 369.323874 1.000000
122.527741 374.607890 1.000000
126.490753 360.407097 1.000000
123.848745 342.243293 1.000000
144.984808 344.555050 1.000000
148.287318 363.049105 1.000000
144.324306 375.268392 1.000000
163.478864 353.141576 1.000000
177.349406 354.132329 1.000000
164.799868 363.049105 1.000000
169.093131 370.314627 1.000000
181.972919 368.333121 1.000000
179.991413 381.873412 1.000000
189.238441 368.333121 1.000000
208.392999 378.240651 1.000000
182.633421 414.238009 1.000000
191.219947 399.376714 1.000000
89.502642 3.351080 2.000000
80.916116 19.863629 2.000000
53.835535 20.193880 2.000000
15.196169 43.311450 2.000000
34.020476 67.089521 2.000000
74.641347 62.466007 2.000000
79.925363 67.750023 2.000000
57.468296 80.960063 2.000000
10.242404 98.133114 2.000000
93.465654 63.787011 2.000000
131.774769 36.045928 2.000000
108.987450 18.872877 2.000000
177.349406 10.286351 2.000000
183.954425 2.690578 2.000000
239.106341 17.551873 2.000000
235.803831 26.798900 2.000000
371.042881 0.150020 2.000000
336.366527 7.085291 2.000000
385.573925 37.798633 2.000000
400.435219 37.138131 2.000000
393.499949 11.378554 2.000000
436.762828 31.854116 2.000000
58.459049 62.466007 3.000000
44.918758 91.197843 3.000000
325.137993 16.002068 3.000000
261.399552 23.597841 3.000000
285.177624 20.955833 3.000000
316.221217 35.817127 3.000000
342.971547 35.156625 3.000000
349.906818 25.579347 3.000000
363.777359 32.514618 3.000000
459.219896 48.366665 3.000000
489.100089 94.985587 3.000000
429.323428 201.513755 3.000000
412.480628 211.751535 3.000000
439.889654 258.184958 3.000000
419.083842 243.653914 3.000000
418.423340 253.891695 3.000000
448.476180 347.682976 3.000000
455.255614 443.036328 3.000000
429.826288 441.054822 3.000000
438.082563 419.258256 3.000000
355.187140 301.688904 3.000000
326.455080 228.867895 3.000000
267.667399 283.900940 3.000000
210.204709 291.814865 3.000000
288.144957 322.727654 3.000000
302.345750 337.919200 3.000000
300.364244 346.835976 3.000000
266.348392 348.817482 3.000000
92.805152 267.936820 4.000000
66.715324 259.350294 4.000000
49.872523 264.964561 4.000000
491.081595 116.782153 4.000000
397.461691 442.045575 4.000000
145.144282 193.412169 4.000000
171.894612 233.702789 4.000000
177.179610 253.836001 4.000000
42.937252 330.024006 4.000000
345.274590 114.571038 0.000000
358.594262 150.090164 0.000000
353.471311 88.273224 0.000000
333.321038 97.494536 0.000000
303.949454 102.275956 0.000000
314.878415 107.740437 0.000000
384.209016 201.319672 0.000000
326.148907 59.926230 0.000000
276.627049 25.431694 0.000000
314.195355 2.549180 0.000000
344.591530 55.827869 0.000000
7.159836 68.122951 0.000000
16.722678 72.904372 0.000000
45.411202 47.289617 0.000000
16.722678 154.871585 0.000000
361.668033 22.699454 0.000000
349.714481 15.185792 0.000000
372.596995 167.508197 0.000000
405.725410 248.109290 0.000000
424.851093 274.748634 0.000000
382.159836 329.051913 0.000000
