129.334367 14.714801 1.000000
115.345198 6.140794 1.000000
104.063609 12.458484 1.000000
93.233284 9.750903 1.000000
83.756750 13.812274 1.000000
66.157472 51.718412 1.000000
55.304495 47.601600 1.000000
52.168302 94.588448 1.000000
44.496822 76.537906 1.000000
11.554584 76.086643 1.000000
3.487280 79.873203 1.000000
7.944476 215.978339 1.000000
23.738699 221.393502 1.000000
23.738699 202.440433 1.000000
39.984187 206.953069 1.000000
56.680938 200.184116 1.000000
64.352418 188.902527 1.000000
62.096100 208.306859 1.000000
83.756750 188.000000 1.000000
78.341588 217.332130 1.000000
95.940866 217.783394 1.000000
108.124981 219.588448 1.000000
107.673718 194.768953 1.000000
110.832562 178.072202 1.000000
123.467941 190.256318 1.000000
131.590685 196.122744 1.000000
146.031118 190.256318 1.000000
147.384909 204.696751 1.000000
150.543754 138.812274 1.000000
137.457111 123.920578 1.000000
128.310828 131.624844 1.000000
124.821732 114.895307 1.000000
157.312707 125.274368 1.000000
150.543754 113.090253 1.000000
150.995017 88.722022 1.000000
145.142661 32.314079 1.000000
147.850243 40.436823 1.000000
162.741939 59.389892 1.000000
167.254575 65.707581 1.000000
164.546994 76.537906 1.000000
176.279846 92.332130 1.000000
179.438690 108.577617 1.000000
180.341217 132.043321 1.000000
184.853853 141.971119 1.000000
197.940495 155.509025 1.000000
207.868293 165.436823 1.000000
210.575874 174.462094 1.000000
165.900784 175.815884 1.000000
187.110170 183.036101 1.000000
164.546994 188.902527 1.000000
211.929665 193.866426 1.000000
206.514503 211.465704 1.000000
197.103542 222.691853 1.000000
187.561434 211.014440 1.000000
186.207643 196.574007 1.000000
165.900784 209.660650 1.000000
159.131831 224.101083 1.000000
142.886344 229.967509 1.000000
153.265405 236.736462 1.000000
102.723889 234.028881 1.000000
188.915225 236.285199 1.000000
173.572264 224.552347 1.000000
31.413072 349.950009 1.000000
23.741592 275.040262 1.000000
37.279498 266.466255 1.000000
61.196466 241.195497 1.000000
105.871556 250.672031 1.000000
96.846285 244.354342 1.000000
134.752422 245.708132 1.000000
134.301159 266.014991 1.000000
157.734076 265.475502 1.000000
158.218126 248.866977 1.000000
176.268668 244.354342 1.000000
178.976249 254.282139 1.000000
98.200076 273.235208 1.000000
82.857115 294.895858 1.000000
115.799354 307.079973 1.000000
104.969029 317.910298 1.000000
60.293939 316.556508 1.000000
76.088162 332.801995 1.000000
63.001520 332.350731 1.000000
63.904047 344.534847 1.000000
57.135094 351.755064 1.000000
50.366141 362.134125 1.000000
59.842675 376.574558 1.000000
72.478054 362.585388 1.000000
91.431123 364.841706 1.000000
102.261448 362.134125 1.000000
121.214516 372.061923 1.000000
132.044841 360.780334 1.000000
136.106213 370.256869 1.000000
146.034011 343.632320 1.000000
163.192370 342.377249 1.000000
152.813308 335.608296 1.000000
159.582261 329.741870 1.000000
169.058796 318.911545 1.000000
166.351214 312.142592 1.000000
182.596702 301.312267 1.000000
186.658073 291.835733 1.000000
202.903561 286.420571 1.000000
193.427027 278.749090 1.000000
179.889120 274.687719 1.000000
188.914391 269.723820 1.000000
198.842189 261.601076 1.000000
160.936052 294.092051 1.000000
152.362045 307.629957 1.000000
140.629193 307.629957 1.000000
138.824138 297.250895 1.000000
146.044355 289.579415 1.000000
133.860240 286.420571 1.000000
129.798868 297.702159 1.000000
63.904782 398.832382 1.000000
95.493230 409.662707 1.000000
111.738717 412.821552 1.000000
120.763988 418.687978 1.000000
137.460739 414.626606 1.000000
136.106948 430.872093 1.000000
152.803699 425.456931 1.000000
156.865071 442.153682 1.000000
190.709836 433.579675 1.000000
179.428248 439.897364 1.000000
176.269403 449.825162 1.000000
169.951714 461.558014 1.000000
138.814530 457.947906 1.000000
143.778428 441.702418 1.000000
132.045576 446.215054 1.000000
125.276623 452.081480 1.000000
118.507670 466.521913 1.000000
127.984205 472.388339 1.000000
113.092508 449.825162 1.000000
100.457129 426.359458 1.000000
97.749548 443.507473 1.000000
84.662905 426.810722 1.000000
87.370486 448.020108 1.000000
73.381317 433.579675 1.000000
64.356046 434.933465 1.000000
52.171930 433.579675 1.000000
43.597923 438.994837 1.000000
45.402977 456.594115 1.000000
46.305504 470.132021 1.000000
32.767598 457.045379 1.000000
29.157490 473.290866 1.000000
28.706226 478.254765 1.000000
30.511280 483.669927 1.000000
30.511280 490.890144 1.000000
380.238267 488.829844 1.000000
390.166065 473.938147 1.000000
377.981949 462.205295 1.000000
349.552347 483.865945 1.000000
354.967509 458.143923 1.000000
349.101083 447.313598 1.000000
327.891697 444.154753 1.000000
338.722022 428.811793 1.000000
363.992780 433.324429 1.000000
369.407942 422.945367 1.000000
383.397112 437.385800 1.000000
470.039711 469.425512 1.000000
461.465704 460.400241 1.000000
459.209386 451.374970 1.000000
480.870036 449.118652 1.000000
491.249097 438.739591 1.000000
490.346570 427.458003 1.000000
488.992780 405.797353 1.000000
491.700361 381.429122 1.000000
453.794224 417.530205 1.000000
470.039711 434.678219 1.000000
437.548736 412.115042 1.000000
442.963899 389.100602 1.000000
431.682310 362.927317 1.000000
423.922604 385.578719 1.000000
371.212996 410.761252 1.000000
368.505415 397.223346 1.000000
347.747292 394.967028 1.000000
354.516245 410.309988 1.000000
354.516245 376.465223 1.000000
344.137184 378.270277 1.000000
325.184116 366.537425 1.000000
485.382622 343.962273 1.000000
493.054103 357.500179 1.000000
480.418724 335.388265 1.000000
463.721973 329.973103 1.000000
448.467238 331.964743 1.000000
451.537857 315.983933 1.000000
470.039662 306.958662 1.000000
479.516196 298.835919 1.000000
495.761684 297.482128 1.000000
418.144355 357.048915 1.000000
415.436774 341.254691 1.000000
410.021612 336.742056 1.000000
405.960240 342.157218 1.000000
396.483705 334.034475 1.000000
384.299590 320.947832 1.000000
378.433164 326.814258 1.000000
382.494536 352.987543 1.000000
372.115474 332.680684 1.000000
359.480095 334.034475 1.000000
357.223778 345.767327 1.000000
347.747243 354.792597 1.000000
343.685872 362.915341 1.000000
320.220168 345.767327 1.000000
308.036052 329.973103 1.000000
325.635330 326.814258 1.000000
327.440384 316.435197 1.000000
332.404283 306.958662 1.000000
343.685872 320.496569 1.000000
351.808615 294.323283 1.000000
345.039662 301.994763 1.000000
359.931359 305.153608 1.000000
313.000000 407.456043 1.000000
324.281588 419.640158 1.000000
300.815884 386.697920 1.000000
296.303249 399.333299 1.000000
290.436823 407.907306 1.000000
290.888087 371.354960 1.000000
280.509025 371.354960 1.000000
268.324910 381.734021 1.000000
266.068592 351.950628 1.000000
257.043321 377.672649 1.000000
209.264678 499.262490 1.000000
214.173138 488.255714 1.000000
220.942091 481.035497 1.000000
200.635232 480.132970 1.000000
213.270807 466.856009 1.000000
190.256367 454.220630 1.000000
196.574056 444.292832 1.000000
220.039760 453.769366 1.000000
234.480193 455.574420 1.000000
230.870085 441.585250 1.000000
225.454923 427.596081 1.000000
241.700410 428.498608 1.000000
215.527125 414.509438 1.000000
205.148063 397.812687 1.000000
219.280898 399.375716 1.000000
226.808713 388.787417 1.000000
245.035707 371.341938 1.000000
234.931457 364.870449 1.000000
466.429603 229.373313 1.000000
489.895307 228.019522 1.000000
493.505415 218.091725 1.000000
493.505415 202.748764 1.000000
485.833935 195.077284 1.000000
451.989170 221.701833 1.000000
441.158845 221.250569 1.000000
435.743682 209.066454 1.000000
398.288809 197.333602 1.000000
392.873646 203.200028 1.000000
378.884477 210.871508 1.000000
368.054152 207.712663 1.000000
362.638989 219.896779 1.000000
377.530686 230.727104 1.000000
395.581227 239.752374 1.000000
407.314079 233.885948 1.000000
404.606498 247.423854 1.000000
428.974729 245.167537 1.000000
419.498195 237.044793 1.000000
486.285199 171.303249 1.000000
456.953069 162.277978 1.000000
454.399287 144.250089 1.000000
447.476534 162.277978 1.000000
426.718412 158.667870 1.000000
434.389892 135.202166 1.000000
410.472924 149.191336 1.000000
402.350181 126.176895 1.000000
405.960289 134.750903 1.000000
377.981949 141.971119 1.000000
382.043321 155.960289 1.000000
341.429603 144.227437 1.000000
359.931408 136.555957 1.000000
342.332130 132.043321 1.000000
326.989170 137.909747 1.000000
307.133574 137.458484 1.000000
356.321300 115.797834 1.000000
369.859206 119.859206 1.000000
319.768953 120.310469 1.000000
313.000000 107.223827 1.000000
324.677413 100.003610 1.000000
297.657040 111.285199 1.000000
299.010830 122.566787 1.000000
271.483755 109.028881 1.000000
278.252708 95.490975 1.000000
267.422383 86.014440 1.000000
262.007220 77.440433 1.000000
491.700361 97.747292 1.000000
478.613718 90.527076 1.000000
487.374311 83.339646 1.000000
472.747292 62.548736 1.000000
469.588448 50.364621 1.000000
461.916968 56.682310 1.000000
459.660650 74.732852 1.000000
437.548736 74.281588 1.000000
440.256318 62.548736 1.000000
442.512635 54.425993 1.000000
427.048663 48.075517 1.000000
416.790614 41.339350 1.000000
411.100640 50.001583 1.000000
404.606498 60.292419 1.000000
471.844765 31.862816 1.000000
471.844765 21.483755 1.000000
463.722022 9.299639 1.000000
320.198120 38.543543 1.000000
303.302265 14.109739 1.000000
289.698786 33.667870 1.000000
271.196981 23.256022 1.000000
277.338218 37.277978 1.000000
256.612882 35.747736 1.000000
276.886955 49.462094 1.000000
258.385150 56.231047 1.000000
246.564072 46.028437 1.000000
241.688399 53.072202 1.000000
245.749771 66.158845 1.000000
283.809707 63.781515 1.000000
6.590685 10.653430 2.000000
41.337977 7.945848 2.000000
201.792629 41.427576 2.000000
26.449173 386.051092 2.000000
236.285983 323.671985 2.000000
254.787788 245.152130 2.000000
279.155235 194.768953 2.000000
184.853853 25.093863 3.000000
208.198544 55.328520 3.000000
212.832192 86.916968 3.000000
249.384539 143.324910 3.000000
246.676957 167.693141 3.000000
260.214864 186.194946 3.000000
31.864336 317.910298 3.000000
36.883674 301.874049 3.000000
328.320308 475.017126 3.000000
277.801444 360.524635 3.000000
265.618113 325.477039 3.000000
268.325694 250.567292 3.000000
423.284755 212.797575 3.000000
407.644330 278.495465 3.000000
430.779783 182.584838 3.000000
441.610108 184.389892 3.000000
494.407893 254.612092 4.000000
407.314079 35.472924 4.000000
137.019918 16.519856 4.000000
161.839412 53.974729 4.000000
23.290328 364.962719 4.000000
148.379290 486.256496 4.000000
406.620742 301.334262 4.000000
195.847785 496.620482 4.000000
345.027749 16.519856 4.000000
339.282336 49.913357 4.000000
331.192379 25.456900 4.000000
