Year	Day	Hour	Temp	RH	WndSp	WndDir	Precip	Solar
	Julian	EST	*C	%	kmh	degrees	mm	W/m2
2005	355	1100	-3.377	78.4	5.128	268	0	113.8
2005	355	1200	-2.559	72.1	6.285	236.8	0	172.7
2005	355	1300	-2.445	66.72	6.721	246.3	0	155.9
2005	355	1400	-1.791	61.91	6.07	258.2	0	184.4
2005	355	1500	-2.795	66.26	6.71	250.8	0	95.7
2005	355	1600	-3.336	69.96	6.74	244.2	0	59.73
2005	355	1700	-3.999	75.6	5.915	250.4	0	11.03
2005	355	1800	-4.782	81.8	6.395	247.7	0	-3.375
2005	355	1900	-4.27	83.3	5.279	240	0	-1.233
2005	355	2000	-3.74	85.3	3.928	254.3	0	-0.772
2005	355	2100	-3.614	88	3.213	249.4	0	-1.061
2005	355	2200	-3.55	87.4	3.976	239	0	-1.288
2005	355	2300	-3.587	85.7	4.507	239.4	0	-1.304
2005	355	2400	-3.526	84.6	3.982	242.1	0	-1.297
2005	355	2400	-5.567	82.7	4.633	252.2	0	34.63
2005	356	100	-3.468	82.4	4.678	246.7	0	-1.538
2005	356	200	-3.324	80.6	4.387	237.8	0	-1.245
2005	356	300	-3.322	79.2	4.909	234.2	0	-1.253
2005	356	400	-3.387	77.3	4.57	224.2	0	-1.252
2005	356	500	-3.505	75.9	4.765	219.8	0	-1.247
2005	356	600	-3.705	73.1	5.879	236.9	0	-1.246
2005	356	700	-4.094	75.3	5.348	252.5	0	-1.034
2005	356	800	-4.181	79.3	3.468	233.7	0	-0.229
2005	356	900	-3.786	82.4	4.35	230.2	0	10.6
2005	356	1000	-3.103	83.4	5.141	224.5	0	42.49
2005	356	1100	-2.17	81.8	5.786	233.3	0	52.01
2005	356	1200	-1.781	79.6	7.97	230.6	0	113
2005	356	1300	-1.275	70.5	9.22	228.9	0	160.6
2005	356	1400	-0.612	67.75	8.4	227.5	0	129.7
2005	356	1500	-0.149	72.3	8.57	229.3	0	102.8
2005	356	1600	0.128	76.5	8.43	232.8	0	57.36
2005	356	1700	0.815	77.9	10.56	236.1	0	11.03
2005	356	1800	1.367	77.2	12.21	236.6	0	-1.353
2005	356	1900	1.886	76.6	12.54	235.3	0	-0.424
2005	356	2000	1.796	77.9	11.88	234.4	0	-1.801
2005	356	2100	1.746	79.3	10.04	235.2	0	-1.562
2005	356	2200	1.831	78.8	9.65	239.3	0	-1.856
2005	356	2300	1.959	77.4	9.32	241.2	0	-1.954
2005	356	2400	1.494	78.3	7.91	241.7	0	-3.032
2005	356	2400	-1.202	77.5	7.5	234.4	0	27.44
2005	357	100	1.573	78.8	7.4	242.2	0	-2.424
2005	357	200	1.759	79.1	6.102	241.3	0	-1.025
2005	357	300	1.685	79.8	4.63	243.2	0	-0.607
2005	357	400	1.408	82.4	4.073	241.6	0	-0.486
2005	357	500	1.441	83	3.204	214	0	-0.565
2005	357	600	1.706	81.6	4.6	226.5	0	-0.604
2005	357	700	1.638	82.8	4.338	233	0	-0.604
2005	357	800	1.639	83.5	5.061	232.5	0	0.263
2005	357	900	1.812	83.3	4.746	231	0	16.61
2005	357	1000	2.124	85.8	3.524	222.6	0	40.21
2005	357	1100	2.195	90.7	3.669	209.3	0.508	50.24
2005	357	1200	2.348	94.5	3.834	203.5	0.508	65.86
2005	357	1300	2.036	95.8	4.93	205.6	1.778	35.71
2005	357	1400	1.807	96.6	5.165	206.7	0	52.85
2005	357	1500	1.988	96.4	3.598	212.8	0.508	46.88
2005	357	1600	1.981	96.9	4.037	214.7	0	22.77
2005	357	1700	2.211	91.9	6.373	234.4	0	6.653
2005	357	1800	2.481	87.3	6.392	239.8	0	-0.621
2005	357	1900	2.256	89.1	4.97	235	0	-0.406
2005	357	2000	1.931	91.5	4.535	233	0	-0.069
2005	357	2100	1.986	91.1	4.609	237.9	0	-0.027
2005	357	2200	1.758	92.8	4.153	238.7	0	-0.018
2005	357	2300	1.582	94.4	3.873	239.6	0	-0.002
2005	357	2400	1.519	95	2.345	244.5	0	-0.014
2005	357	2400	1.869	88.5	4.59	229.4	3.302	13.77
2005	358	100	1.296	95.2	1.388	203.9	0	-0.293
2005	358	200	1.183	96.3	1.765	228.5	0	-0.009
2005	358	300	1.093	96.9	0.845	233.6	0	-0.264
2005	358	400	1.048	97.2	1.905	219.6	0	-0.016
2005	358	500	1.188	97.7	1.689	220.4	0	0
2005	358	600	1.365	97.6	2.136	204.6	0	0
2005	358	700	1.351	97.3	1.773	237.6	0	0
2005	358	800	1.166	97.3	1.209	346	0	0.358
2005	358	900	1.445	97.7	1.721	137	0	23.51
2005	358	1000	2.523	96.5	1.032	127	0	59.3
2005	358	1100	4.294	86.9	1.832	143.2	0	137.7
2005	358	1200	4.983	81.2	2.795	168	0	112.6
2005	358	1300	5.268	78.4	4.187	168.7	0	140.2
2005	358	1400	4.277	82.3	4.686	169.1	0	69.48
2005	358	1500	4.096	84.9	3.226	160.3	0	60.72
2005	358	1600	3.847	85.4	1.143	135.1	0	25.61
2005	358	1700	2.693	89.2	1.276	128.9	0	2.818
2005	358	1800	2.312	93.7	0.942	79.9	0	0
2005	358	1900	2.165	96	1.784	85.7	0	-0.01
2005	358	2000	2.301	97.1	2.301	102.5	0	-0.005
2005	358	2100	1.926	97.3	0.967	77.2	0	-0.165
2005	358	2200	1.83	98.4	2.275	89.6	0	0
2005	358	2300	1.849	98.8	1.022	355.5	0	0
2005	358	2400	1.678	99.1	1.619	348.2	0	0
2005	358	2400	2.382	93.3	1.897	160.1	0	26.31
2005	359	100	1.641	99.4	1.758	320.5	0	0
2005	359	200	1.746	99.6	1.503	342.9	0	0
2005	359	300	1.679	99.7	1.158	354.6	0	0
2005	359	400	1.632	99.8	0.966	6.944	0	0
2005	359	500	1.746	100.1	0.939	283.5	0	0
2005	359	600	1.882	100.3	2.756	98.2	0	-0.025
2005	359	700	2.712	100	3.412	79	0	-0.08
2005	359	800	1.973	99.6	1.233	329.3	0.762	0.032
2005	359	900	2.396	100.2	4.171	68.33	1.27	6.123
2005	359	1000	2.758	100.5	4	49.34	0.762	25.09
2005	359	1100	3.244	100.4	3.244	84	0	71.9
2005	359	1200	3.394	99.6	5.145	86.4	0	66.2
2005	359	1300	3.321	97.3	5.634	91	0	54.58
2005	359	1400	3.528	92	6.557	88.3	0	56.86
2005	359	1500	3.282	90.5	6.902	91.5	0.254	31.6
2005	359	1600	2.954	95.4	5.329	68.82	0	16.8
2005	359	1700	2.566	97	3.421	78.7	0.254	2.539
2005	359	1800	2.463	98.1	4.404	51.17	0.762	-0.579
2005	359	1900	2.146	99	3.964	36.35	1.778	-0.524
2005	359	2000	1.975	99.6	5.94	37.47	1.778	-0.494
2005	359	2100	0.603	99.5	4.823	13.12	2.032	-0.764
2005	359	2200	0.469	100.1	5.662	8.51	1.524	-0.623
2005	359	2300	0.446	100.4	5.815	11.59	2.032	-0.623
2005	359	2400	0.624	100.5	6.058	7.47	0	-0.927
2005	359	2400	2.133	98.7	3.95	51.22	13.21	13.63
2005	360	100	0.792	100.5	5.268	8.4	0.254	-1.184
2005	360	200	0.759	100.5	5.241	6.831	0.508	-0.992
2005	360	300	0.884	100.5	5.757	1.834	0	-0.801
2005	360	400	0.971	100.3	5.734	359.3	0	-0.626
2005	360	500	0.906	100.2	5.03	353.2	0.254	-0.651
2005	360	600	0.877	100.3	4.945	350.9	0.254	-0.637
2005	360	700	0.835	100.2	5.173	343	0.254	-0.632
2005	360	800	0.833	100	4.444	342.8	0	0.063
2005	360	900	0.606	97.5	5.832	344.1	0	11.68
2005	360	1000	0.443	91.6	6.6	342.2	0	28.14
2005	360	1100	0.519	89	5.887	341.8	0	70.4
2005	360	1200	0.62	87.5	5.837	344	0	93.3
2005	360	1300	0.75	84.4	6.433	337	0	158.6
2005	360	1400	1.207	79.8	7.92	323.2	0	171.3
2005	360	1500	1.063	80.5	7.39	325.5	0	108
2005	360	1600	0.514	82.6	7.03	329.4	0	42.24
2005	360	1700	0.106	84	7.02	326.1	0	6.59
2005	360	1800	0.107	85.5	6.314	324.3	0	-0.483
2005	360	1900	0.158	85.3	6.86	320.3	0	-0.172
2005	360	2000	0.144	85.4	7.97	314.5	0	-0.16
2005	360	2100	0.122	86.4	6.752	310.6	0	-0.452
2005	360	2200	0.31	85.5	5.953	311.4	0	-0.467
2005	360	2300	0.582	83.8	6.184	310.6	0	-0.17
2005	360	2400	0.683	83.7	4.84	311.5	0	-0.194
2005	360	2400	0.616	90.6	6.101	334.1	1.524	28.45
2005	361	100	0.663	84	6.082	312.3	0	-0.079
2005	361	200	0.511	84.8	5.018	315.6	0	-0.723
2005	361	300	-0.68	89.3	3.372	300.2	0	-2.471
2005	361	400	-2.357	94.1	2.326	274.8	0	-2.64
2005	361	500	-3.453	96.3	1.145	272	0	-2.526
2005	361	600	-3.607	97.4	1.564	277.9	0	-1.938
2005	361	700	-2.559	98.2	1.209	271.5	0	-0.673
2005	361	800	-1.258	98.3	2.435	267.3	0	0.246
2005	361	900	-0.214	96.1	2.464	262.5	0	12.11
2005	361	1000	0.479	89.4	2.399	243.7	0	27.79
2005	361	1100	0.984	82.4	3.214	229.8	0	50.69
2005	361	1200	0.932	78.2	4.125	235	0	79.8
2005	361	1300	1.81	72	2.767	246.9	0	163.2
2005	361	1400	2.327	71.4	3.802	205.1	0	114.2
2005	361	1500	2.26	73.7	3.951	216.1	0	58.36
2005	361	1600	2.008	78	3.117	216	0	33.16
2005	361	1700	1.478	81.9	3.365	214.7	0	3.903
2005	361	1800	1.338	82.1	4.366	210.9	0	-0.009
2005	361	1900	1.208	80.5	4.009	215.1	0	-0.072
2005	361	2000	0.7	84.3	1.268	201.1	0	-0.534
2005	361	2100	0.206	86.9	0.903	113.8	0	-1.062
2005	361	2200	-0.825	90	0.592	122.8	0	-2.359
2005	361	2300	-1.899	94.7	0.53	144.7	0	-2.06
2005	361	2400	-2.24	97.1	0.801	141.6	0	-1.881
2005	361	2400	-0.091	86.7	2.701	245.8	0	21.85
2005	362	100	-1.838	98.4	1.485	152.8	0	-0.513
2005	362	200	-0.444	99.3	2.864	138.4	0	-0.027
2005	362	300	0.097	98.8	2.775	135.2	0	-0.051
2005	362	400	0.438	96.6	1.94	128.2	0	-0.148
2005	362	500	0.647	95	2.778	123.2	0	-0.027
2005	362	600	1.067	92.6	2.995	99.7	0	-0.003
2005	362	700	1.318	91.8	3.021	91.9	0	0
2005	362	800	1.522	90.7	2.737	91.7	0	0.136
2005	362	900	1.852	89.9	4.75	92	0	9.44
2005	362	1000	2.308	89	5.613	87.2	0	22.79
2005	362	1100	2.67	87.7	6.875	93.3	0	32.54
2005	362	1200	2.717	89.5	6.768	102.9	0	36.67
2005	362	1300	2.528	93.4	6.951	90	0	35.38
2005	362	1400	2.499	94.2	8.19	86.5	0	36.33
2005	362	1500	2.594	95.2	7.67	86	0	26.62
2005	362	1600	2.671	94	7.63	84.2	0	21.21
2005	362	1700	2.502	92.9	7.21	90.6	0	4.699
2005	362	1800	2.158	93.4	8.38	89.5	0	-0.296
2005	362	1900	1.909	96.5	7.1	86.6	1.778	-0.605
2005	362	2000	1.793	98.7	4.952	59.38	1.27	-0.51
2005	362	2100	1.651	99.4	3.927	31.01	1.016	-0.348
2005	362	2200	1.554	99.8	4.143	68.07	0.254	-0.356
2005	362	2300	1.642	100	4.414	87.5	0	-0.355
2005	362	2400	1.839	100.2	5.371	89.8	0.254	-0.395
2005	362	2400	1.571	94.9	5.023	90.5	4.572	9.26
2005	363	100	1.741	100.4	2.39	47.08	0	-0.042
2005	363	200	1.669	100.7	2.778	11.84	0	-0.077
2005	363	300	1.692	100.8	3.891	24.74	0	-0.124
2005	363	400	1.619	100.8	4.341	18.37	0.254	-0.099
2005	363	500	1.381	100.9	3.649	1.371	0	-0.178
2005	363	600	1.221	100.9	3.643	358.4	0	-0.17
2005	363	700	1.215	101	4.043	3.211	0	-0.034
2005	363	800	1.23	101	3.706	346.9	0	-0.015
2005	363	900	1.309	100.9	4.106	7.82	0	3.94
2005	363	1000	1.401	100.7	4.639	3.762	1.016	12.01
2005	363	1100	1.265	100.3	5.096	1.542	0.508	35.53
2005	363	1200	0.99	99.8	5.759	0.792	0.254	39.77
2005	363	1300	0.79	99.7	5.65	6.854	0.508	21.62
2005	363	1400	0.551	99.5	7.49	1.24	0.254	27.33
2005	363	1500	0.384	99.1	6.148	1.456	0	20.39
2005	363	1600	0.294	98.3	6.422	359.9	0	11.76
2005	363	1700	0.307	95.9	5.789	355	0	2.671
2005	363	1800	0.406	92.8	5.736	353.2	0	-0.545
2005	363	1900	0.392	92.4	5.529	349.7	0	-0.501
2005	363	2000	0.275	92	6.545	347.2	0	-0.593
2005	363	2100	-0.153	90.7	5.799	351.7	0	-1.23
2005	363	2200	-0.649	87.3	5.759	357.1	0	-0.412
2005	363	2300	-1.173	86.5	5.859	6.43	0	-0.196
2005	363	2400	-1.796	86.7	5.587	351.2	0	-0.313
2005	363	2400	0.682	97	5.015	1.111	2.794	7.1
2005	364	100	-2.357	86.1	5	353.9	0	-0.45
2005	364	200	-2.662	86.6	4.752	353	0	-0.577
2005	364	300	-2.716	84.8	5.219	359.1	0	-0.491
2005	364	400	-2.724	83.7	5.265	5.663	0	-0.587
2005	364	500	-2.85	83.6	5.135	1.555	0	-0.559
2005	364	600	-3.46	85	4.004	352.7	0	-1.466
2005	364	700	-4.314	87.9	2.214	340.5	0	-2.555
2005	364	800	-4.851	92.8	1.651	317.4	0	-0.585
2005	364	900	-3.209	86.7	2.5	335.3	0	24.88
2005	364	1000	-2.341	79.3	3.468	350.5	0	96.2
2005	364	1100	-1.732	73.8	4.212	348.2	0	136.5
2005	364	1200	-1.478	70.5	3.968	331.4	0	177.4
2005	364	1300	-1.546	68.9	4.442	333.5	0	188.7
2005	364	1400	-1.453	68.41	3.668	350.3	0	162.9
2005	364	1500	-1.317	69.47	3.175	349.4	0	127.2
2005	364	1600	-1.365	70.3	2.252	4.853	0	55.2
2005	364	1700	-1.693	71.7	3.273	52.18	0	15.46
2005	364	1800	-2.269	73.8	2.679	64.58	0	-0.587
2005	364	1900	-2.542	70.9	3.799	56.5	0	-0.584
2005	364	2000	-2.844	72.7	5.487	90.8	0	-0.56
2005	364	2100	-3.573	81.4	4.635	101.7	0	-0.602
2005	364	2200	-4.095	78.9	5.05	66.01	0	-0.511
2005	364	2300	-4.027	79.4	4.656	36.75	0	-0.601
2005	364	2400	-3.392	82.2	4.589	64.29	0	-0.619
2005	364	2400	-2.7	78.7	3.962	17.8	0	40.55
2005	365	100	-2.601	85.4	4.575	111.3	0	-0.623
2005	365	200	-1.41	82.4	5.956	119.4	0	-0.619
2005	365	300	-1.256	86.9	9.5	106.2	0	-0.381
2005	365	400	-2.256	94.6	10.63	96.1	0	-0.197
2005	365	500	-2.695	97.2	10.54	96.5	0	-0.601
2005	365	600	-2.282	97.1	9.56	95.9	0	-0.623
2005	365	700	-1.706	91.9	12.24	96.5	0	-0.428
2005	365	800	-2.65	93.8	11.62	89.7	0.508	-0.019
2005	365	900	-4.417	96.8	7.95	68.35	1.27	17.11
2005	365	1000	-5.115	96.6	6.887	47.92	0.508	31.73
2005	365	1100	-5.144	96.4	4.883	15.67	0.254	24.5
2005	365	1200	-4.325	97.3	5.166	41.65	0.254	13.21
2005	365	1300	-3.857	97.1	6.259	44.92	0.762	17.87
2005	365	1400	-3.636	97.3	4.555	30.28	1.016	16.3
2005	365	1500	-3.699	97.1	4.094	17.99	0.254	12.73
2005	365	1600	-3.818	97.1	4.541	19.65	0.254	6.764
2005	365	1700	-3.951	97.4	3.782	16.69	0.254	0.975
2005	365	1800	-4.198	97.1	4.91	19.02	0	-0.295
2005	365	1900	-4.313	96.8	3.259	17.83	0.254	-0.551
2005	365	2000	-4.45	96.7	2.352	357	0	-0.402
2005	365	2100	-4.755	96	2.522	12.13	0	-0.232
2005	365	2200	-4.821	95.1	2.475	14.27	0	-0.518
2005	365	2300	-4.834	94.7	1.646	331.9	0	-0.565
2005	365	2400	-4.883	95.3	1.161	328.9	0	-0.537
2005	365	2400	-3.628	94.8	5.878	67.58	5.588	5.607
2006	1	100	-4.84	95.8	1.276	328.9	0	-0.616
2006	1	200	-4.664	96.7	1.516	343.7	0	-0.612
2006	1	300	-4.41	97.5	2.294	341.1	0	-0.255
2006	1	400	-4.173	97.9	1.053	334.7	0	-0.598
2006	1	500	-3.902	98.1	1.048	333.7	0	-0.354
2006	1	600	-3.787	98.3	1.71	316.9	0	-0.36
2006	1	700	-3.514	98.5	1.278	326.2	0	-0.614
2006	1	800	-3.301	98.7	1.152	327.1	0	-0.466
2006	1	900	-3.023	98.8	1.317	302	0	0.325
2006	1	1000	-2.673	99.1	1.509	308.6	0	2.681
2006	1	1100	-2.035	99.4	1.053	83.4	0	6.987
2006	1	1200	-1.313	99	1.214	117.3	0	11.21
2006	1	1300	-0.348	98.6	2.073	147.7	0	16.16
2006	1	1400	0.268	98.1	1.812	137.3	0	19.8
2006	1	1500	0.525	98.2	2.324	120.1	0	13.36
2006	1	1600	0.516	99	2.233	128.4	0	6.24
2006	1	1700	0.457	99.5	1.409	136.4	0	1.581
2006	1	1800	0.235	99.9	0.742	125.9	0	-0.56
2006	1	1900	0.17	100.2	0.97	110.1	0	-0.363
2006	1	2000	0.134	100.4	1.203	116.9	0	-0.151
2006	1	2100	-0.161	100.5	0.487	103.3	0	-0.014
2006	1	2200	-0.308	100.7	1.018	70.2	0	-0.289
2006	1	2300	-0.329	100.8	0.85	43.87	0	-0.643
2006	1	2400	-0.261	101	1.631	87.5	0	-0.995
2006	1	2400	-1.697	98.9	1.382	71	0	2.978
2006	2	100	0.608	101.2	2.817	97.7	0	-0.986
2006	2	200	0.687	101.2	2.492	97.9	0	-1.301
2006	2	300	0.44	101.2	1.677	69.54	0	-0.678
2006	2	400	0.468	101.3	2.67	61.03	0	-0.661
2006	2	500	0.688	101.3	4.242	62.02	0	-1.206
2006	2	600	1.157	101.4	5.447	92.7	0	-2.255
2006	2	700	1.515	101.4	7.34	89.5	0	-2.811
2006	2	800	1.582	101.4	6.788	87	0	-2.736
2006	2	900	1.703	101.5	7.51	83.1	0	7.69
2006	2	1000	2.003	101.4	8.88	93.3	0	32.27
2006	2	1100	2.14	101.4	8.53	91.4	0	50.05
2006	2	1200	2.364	101.1	8.81	87.4	0.254	58.94
2006	2	1300	2.355	100.7	11.19	87	0.508	42.87
2006	2	1400	2.454	99.9	11.59	86.2	0.508	42.47
2006	2	1500	2.246	99.8	13.23	88.4	0	26.15
2006	2	1600	1.961	99.9	14	93.2	0	9.52
2006	2	1700	2.093	98.6	14.7	90.8	0	1.422
2006	2	1800	1.98	98	13.1	84.4	0	0
2006	2	1900	1.924	96.4	14.31	82.9	0	0
2006	2	2000	2.052	95.4	14.06	84.8	0	0
2006	2	2100	2.253	95.7	13.24	87.5	0	0
2006	2	2200	2.577	97	12.88	87.8	0	-0.003
2006	2	2300	2.517	97.4	13.81	85.9	0	-0.005
2006	2	2400	2.634	97.8	13.36	86.8	0	0
2006	2	2400	1.767	99.7	9.45	87	1.27	10.78
2006	3	100	2.134	97.8	14.7	83.5	0	-0.001
2006	3	200	2.131	97.9	13.38	83.9	0	-0.028
2006	3	300	2.104	97.3	12.45	85.6	0	-0.002
2006	3	400	1.901	96.6	13.2	83.3	0	-0.008
2006	3	500	1.664	96.3	11.28	85.8	0	-0.176
2006	3	600	1.915	96.5	11.06	88.6	0	-0.065
2006	3	700	1.841	96.1	11.25	87.2	0	-0.397
2006	3	800	1.65	97.7	10.99	86.1	0	-0.436
2006	3	900	1.573	98.3	9.91	94.7	0	5.553
2006	3	1000	1.657	96.9	9.76	93.6	0	19.26
2006	3	1100	1.821	96.3	8.95	98.2	0	30.95
2006	3	1200	1.733	95.6	8.65	98	0	38.83
2006	3	1300	1.473	95.8	7.9	98.7	0	45.15
2006	3	1400	1.512	95.3	8.01	88.6	0	40.92
2006	3	1500	1.479	94.4	7.38	88.9	0	36.1
2006	3	1600	1.441	94	7.28	89.3	0	19.22
2006	3	1700	1.343	94.3	6.224	87.2	0	4.021
2006	3	1800	1.253	95.5	7.38	101.9	0	-0.613
2006	3	1900	1.456	96.6	7.77	110.5	0	-0.339
2006	3	2000	1.705	96.7	6.362	106.7	0	-0.202
2006	3	2100	2.071	98	3.802	108.3	0	-0.042
2006	3	2200	2.328	98.6	4.228	102.5	0	-0.021
2006	3	2300	2.455	98.9	3.635	105.5	0	-0.014
2006	3	2400	2.488	99	3.697	111.9	0	-0.003
2006	3	2400	1.797	96.7	8.72	91.9	0	9.9
2006	4	100	2.517	99.1	3.616	113.2	0	-0.046
2006	4	200	2.043	99	4.34	109.9	0	-0.012
2006	4	300	2	99.1	3.633	109.4	0	-0.036
2006	4	400	2.146	99.5	2.394	129.4	0	-0.073
2006	4	500	2.213	99.9	2.348	123.7	0	-0.001
2006	4	600	2.346	100.2	2.619	136	0	-0.013
2006	4	700	2.237	100.3	2.068	125.1	0	0
2006	4	800	2.315	100.5	1.943	119.8	0	0.001
2006	4	900	2.471	100.6	2.434	134.5	0	4.74
2006	4	1000	2.747	100.7	3.287	131.9	0.254	13.9
2006	4	1100	3.126	100.8	2.607	137.8	0	25.07
2006	4	1200	3.24	100.9	3.225	161.3	0.254	17.62
2006	4	1300	3.715	100.9	2.541	159	0.508	29.94
2006	4	1400	3.881	100.9	1.945	126.5	0	32.07
2006	4	1500	3.965	101	2.766	124.9	0	32.54
2006	4	1600	3.868	101.1	2.122	116.8	0	9.64
2006	4	1700	3.807	101.2	2.153	95.9	0	7.33
2006	4	1800	3.617	101.3	1.722	106.5	0	0.028
2006	4	1900	3.493	101.3	1.14	134	0	0
2006	4	2000	3.253	101.4	1.226	156	0	-0.093
2006	4	2100	3.168	101.4	1.237	196.8	0	0
2006	4	2200	3.631	101.5	2.242	223.1	0.254	0.02
2006	4	2300	3.889	101.6	2.011	237.4	0	-0.02
2006	4	2400	3.666	101.6	1.408	241.5	0	-0.035
2006	4	2400	3.057	100.7	2.376	135.1	1.27	7.19
2006	5	100	3.629	101.6	2.717	279.1	0	-0.255
2006	5	200	3.497	101.6	2.798	255.8	0.508	-0.213
2006	5	300	3.386	101.6	2.901	258	0.254	-0.237
2006	5	400	3.012	101.6	4.437	265.1	0.762	-0.217
2006	5	500	2.228	101.5	4.751	267.5	1.016	-0.459
2006	5	600	1.679	101.5	5.111	275.1	0.508	-0.611
2006	5	700	1.595	101.4	5.633	283	0.254	-0.627
2006	5	800	1.544	101.2	4.73	282.6	0	0.33
2006	5	900	1.6	101.2	4.969	298	0	23.29
2006	5	1000	2.449	100.4	6.102	307.2	0	77.7
2006	5	1100	2.574	92.3	6.369	323.9	0	106.6
2006	5	1200	2.736	82.9	7.8	337.3	0	208.6
2006	5	1300	2.979	77.3	7.08	352.2	0	189.2
2006	5	1400	2.25	80	5.756	343.6	0	70.9
2006	5	1500	2.194	78.3	4.988	346.7	0	63.11
2006	5	1600	1.915	78.4	5.072	354	0	40.37
2006	5	1700	1.352	79.1	4.426	344.1	0	6.472
2006	5	1800	0.929	80.4	5.015	351.5	0	-0.252
2006	5	1900	0.625	79.4	5.357	355.9	0	-0.417
2006	5	2000	0.194	80.1	5.291	344.2	0	-0.754
2006	5	2100	-0.156	80	6.145	343.8	0	-0.599
2006	5	2200	-0.401	79.9	6.076	339.8	0	-0.594
2006	5	2300	-0.833	79.5	5.317	347	0	-1.457
2006	5	2400	-1.799	81.3	5.781	338.8	0	-2.998
2006	5	2400	1.632	89.3	5.193	321	3.302	32.37
2006	6	100	-2.65	81.3	5.506	335.1	0	-3.276
2006	6	200	-3.539	77.1	5.527	335.5	0	-3.017
2006	6	300	-4.521	75.6	5.667	325.2	0	-3.275
2006	6	400	-5.426	73.5	5.72	321.7	0	-3.215
2006	6	500	-6.176	75.9	5.418	320	0	-3.086
2006	6	600	-6.283	76.6	5.814	321.3	0	-1.639
2006	6	700	-6.848	77.4	5.057	324.9	0	-2.458
2006	6	800	-7.49	79.6	4.27	342.6	0	-1.384
2006	6	900	-8.17	77.2	5.702	333.5	0	16.84
2006	6	1000	-7.88	70.3	5.209	335.3	0	60.17
2006	6	1100	-6.389	65.95	6.017	338	0	244.6
2006	6	1200	-5.365	63.58	6.054	328.9	0	347.4
2006	6	1300	-3.804	57.69	7.02	318.9	0	365.3
2006	6	1400	-3.81	55.55	6.942	317.9	0	222
2006	6	1500	-4.566	60.11	7.59	314	0	100.4
2006	6	1600	-4.513	60.56	5.672	305.9	0	73.4
2006	6	1700	-4.932	61.74	6.497	306	0	25.03
2006	6	1800	-5.959	66.44	5.762	313.3	0	-2.819
2006	6	1900	-6.395	69.85	4.596	307.2	0	-3.19
2006	6	2000	-6.094	68.63	5.781	304.5	0	-2.503
2006	6	2100	-6.455	66.85	5.393	311.2	0	-3.14
2006	6	2200	-7.39	73.6	2.947	295.4	0	-3.627
2006	6	2300	-8.83	81.5	0.929	265.5	0	-3.338
2006	6	2400	-7.34	83.6	1.778	229.4	0	-1.447
2006	6	2400	-5.867	70.8	5.286	319.5	0	58.9
2006	7	100	-5.483	77.3	3.639	232.6	0	-1.899
2006	7	200	-5.674	78	3.525	235.1	0	-2.241
2006	7	300	-6.043	79.3	2.92	222	0	-3.063
2006	7	400	-7.2	86	2.315	185.5	0	-2.651
2006	7	500	-5.734	81.5	2.144	196.8	0	-0.727
2006	7	600	-4.521	73.2	3.688	201.1	0	-0.861
2006	7	700	-4.542	85.5	2.176	206.4	0	-0.958
2006	7	800	-4.438	91.1	2.848	166	0	-0.333
2006	7	900	-4.096	93.1	1.912	154	0.254	12.88
2006	7	1000	-3.093	94.2	2.765	163.9	0	25.26
2006	7	1100	-1.272	90.4	4.766	189.3	0	49.74
2006	7	1200	-0.832	89.5	4.434	193	0	37.7
2006	7	1300	-0.501	88.5	5.864	198.7	0	59.32
2006	7	1400	-0.709	90.7	5.267	201.7	0.254	40.82
2006	7	1500	-0.479	91.2	3.709	202.3	0.254	23.43
2006	7	1600	-0.167	92.4	3.559	198.3	0	25.19
2006	7	1700	-0.473	93.2	3.491	201.8	0	3.346
2006	7	1800	-0.751	95.1	2.855	205.4	0	-1.136
2006	7	1900	-0.98	96.2	2.777	200.4	0	-1.362
2006	7	2000	-1.126	97.2	2.915	193.4	0	-1.658
2006	7	2100	-1.092	97.7	2.415	203.8	0	-1.352
2006	7	2200	-1.361	97.9	1.786	217.2	0	-1.575
2006	7	2300	-1.651	98.3	1.439	233.3	0	-1.419
2006	7	2400	-1.823	99.1	1.951	243.9	0	-1.69
2006	7	2400	-2.668	89.9	3.132	201.4	0.762	10.61
2006	8	100	-2.057	99.6	0.879	320.5	0	-1.872
2006	8	200	-2.381	99.8	0.947	293.1	0	-1.847
2006	8	300	-2.323	99.9	2.039	302.4	0	-1.8
2006	8	400	-3.033	99.8	2.116	288.9	0	-2.885
2006	8	500	-4.404	99.5	1.243	266.2	0	-3.757
2006	8	600	-5.304	99.4	1.475	305.4	0	-3.859
2006	8	700	-6.202	98.8	1.996	272.3	0	-3.779
2006	8	800	-6.513	98.5	1.565	348	0	-3.109
2006	8	900	-4.457	98.8	1.666	35.43	0	15.12
2006	8	1000	-2.46	99.2	1.471	131	0	32.34
2006	8	1100	0.068	97.7	3.363	151.7	0	83.9
2006	8	1200	2.058	81.2	4.346	170.1	0	220.4
2006	8	1300	2.534	74.5	4.231	153.2	0	249.8
2006	8	1400	1.967	79.6	3.183	120.7	0	138.9
2006	8	1500	1.747	81.3	4.128	122.3	0	132.1
2006	8	1600	1.574	82.7	3.666	124.8	0	84.3
2006	8	1700	0.986	84.5	4.725	120.5	0	17
2006	8	1800	0.984	85.4	6.25	118.7	0	-0.728
2006	8	1900	1.028	83.3	6.598	119.5	0	-2.103
2006	8	2000	1.625	79.6	7.88	115	0	-0.585
2006	8	2100	1.853	78.9	9.54	112.1	0	-1.434
2006	8	2200	1.72	80.5	8.42	108.7	0	-1.926
2006	8	2300	2.017	82	7.66	110.2	0	-0.655
2006	8	2400	2.323	82.6	7.95	114	0	0
2006	8	2400	-0.694	89.5	4.056	121	0	39.31
2006	9	100	2.375	83.9	7.49	106.7	0	0
2006	9	200	2.391	86.4	6.541	105.8	0	-0.157
2006	9	300	2.448	88.5	5.981	98.9	0	-0.542
2006	9	400	2.213	90.7	2.757	71.4	0	-0.37
2006	9	500	1.654	93.3	2.368	349.3	0	-0.192
2006	9	600	1.287	95.2	2.862	345.2	0	-0.664
2006	9	700	1.091	96.3	2.659	337.5	0	-0.571
2006	9	800	0.922	96.9	3.105	313.5	0	-0.369
2006	9	900	1.068	97.4	3.402	314.2	0	4.693
2006	9	1000	1.705	96	3.788	307.6	0	54
2006	9	1100	3.135	86.8	5.137	302.4	0	96.9
2006	9	1200	3.244	82.3	6.668	308.7	0	78.1
2006	9	1300	3.225	78.3	5.511	303.4	0	63.9
2006	9	1400	3.187	78.8	6.817	303.1	0	70.2
2006	9	1500	3.139	75.5	6.844	300	0	47.35
2006	9	1600	2.95	76.7	5.553	290.3	0	34.45
2006	9	1700	2.823	79.2	6.182	296.3	0	8.65
2006	9	1800	2.175	86.1	4.556	280.8	0	-0.677
2006	9	1900	1.446	95.7	3.294	299.7	0	-0.623
2006	9	2000	1.065	96.7	2.77	287.1	0	-1.272
2006	9	2100	0.393	97.5	1.464	242.4	0	-1.131
2006	9	2200	0.915	97.9	3.276	247.8	0	-0.626
2006	9	2300	0.962	94.8	3.132	247.5	0	-1.045
2006	9	2400	0.59	94.7	3.347	238.6	0	-1.08
2006	9	2400	1.933	89.4	4.396	304.6	0	18.7
2006	10	100	0.456	94.9	3.744	239.8	0	-1.386
2006	10	200	0.767	93.1	3.226	258.3	0	-0.805
2006	10	300	0.775	91.9	3.264	259.3	0	-0.897
2006	10	400	0.546	91.2	2.692	263.3	0	-1.027
2006	10	500	0.348	89.1	2.441	265.8	0	-1.312
2006	10	600	0.344	86.8	2.913	265.9	0	-1.082
2006	10	700	0.63	77.9	3.581	289.1	0	-0.377
2006	10	800	0.792	70.8	3.253	295	0	0.433
2006	10	900	0.661	71.2	3.433	250.8	0	29.95
2006	10	1000	1.38	61.42	4.915	240.8	0	82.3
2006	10	1100	2.306	54.69	5.244	255.7	0	241.4
2006	10	1200	3.632	52.47	6.236	234.4	0	369.4
2006	10	1300	4.513	51.34	5.559	236.5	0	376.7
2006	10	1400	3.935	54.54	5.34	224.4	0	204.6
2006	10	1500	2.63	58.37	4.883	228.8	0	118.9
2006	10	1600	2.312	59.72	3.978	236.7	0	88.9
2006	10	1700	1.087	65.64	2.426	238.1	0	24.28
2006	10	1800	-1.036	75.7	0.341	267.3	0	-2.165
2006	10	1900	-2.124	82.7	0.812	356.2	0	-2.333
2006	10	2000	-1.82	84.6	1.261	113.2	0	-0.928
2006	10	2100	-0.642	79.7	1.579	123.3	0	-0.324
2006	10	2200	-0.337	80.5	1.154	139	0	-0.095
2006	10	2300	0.278	83.6	2.782	145.9	0	-0.001
2006	10	2400	1.053	86.5	3.335	145	0	-0.036
2006	10	2400	0.937	74.9	3.266	239.9	0	63.5
2006	11	100	1.253	90.2	2.369	146.1	0.254	-0.311
2006	11	200	1.155	96.1	1.798	132.4	0	0
2006	11	300	1.27	97.6	1.419	103	0	0
2006	11	400	1.409	98.5	1.856	116.2	1.524	0
2006	11	500	1.387	99.1	1.323	107.7	0	-0.001
2006	11	600	1.435	99.5	0.998	92.7	0	-0.001
2006	11	700	1.483	99.9	1.674	127	0	-0.016
2006	11	800	1.603	100.4	1.418	147.3	0	0.223
2006	11	900	1.96	100.7	2.359	108.7	0	14.39
2006	11	1000	3.124	100.9	0.986	75.9	0	69.01
2006	11	1100	4.004	100.7	2.706	134.9	0	89.2
2006	11	1200	5.015	100.5	1.493	76.1	0	157.6
2006	11	1300	6.632	96.5	1.957	114.9	0	217.5
2006	11	1400	7.3	89.8	2.616	115.8	0	146.2
2006	11	1500	7.04	89.5	2.863	137.3	0	80.1
2006	11	1600	6.055	92	2.761	149.9	0	25.7
2006	11	1700	5.052	94.5	2.589	154.2	0	15.58
2006	11	1800	3.262	96.6	1.956	153.5	0	-0.927
2006	11	1900	4.974	97.9	5.627	223.9	0	-0.293
2006	11	2000	5.811	91.6	6.445	232.9	0	-0.579
2006	11	2100	5.484	87.4	7.43	232.4	0	-0.179
2006	11	2200	4.549	84.4	8.5	242.6	0	0
2006	11	2300	4.003	84.8	6.357	240.7	0	0
2006	11	2400	3.732	86.2	5.007	231.4	0	-0.09
2006	11	2400	3.708	94.8	3.104	195	1.778	33.88
2006	12	100	3.789	87.3	6.361	236.2	0	-0.079
2006	12	200	3.823	89.9	7.56	246.9	0	0
2006	12	300	3.962	90.4	7.23	245.3	0	0
2006	12	400	3.949	90.5	4.942	234.7	0	0
2006	12	500	4.071	88.4	4.419	237.2	0	0
2006	12	600	4.124	87.4	4.645	220.8	0	0
2006	12	700	4.129	86.9	4.146	219.3	0	0
2006	12	800	4.227	86.9	4.253	224.8	0	0.362
2006	12	900	4.336	85.5	5.255	234.8	0	19.94
2006	12	1000	4.847	82.8	4.896	233.2	0	96.2
2006	12	1100	5.506	78.6	5.872	245.8	0	219.9
2006	12	1200	7.39	70.3	6.61	231	0	330.6
2006	12	1300	9.26	63.58	6.255	231	0	353.1
2006	12	1400	9.64	62.49	6.479	225.1	0	232.6
2006	12	1500	8.82	65.41	5.654	227.2	0	75.9
2006	12	1600	8.31	67.76	4.923	218.9	0	52
2006	12	1700	7.06	71.3	5.191	214.9	0	17.04
2006	12	1800	4.375	81.5	2.27	210.8	0	-2.171
2006	12	1900	2.6	89.6	0.861	182.2	0	-2.506
2006	12	2000	1.823	93.4	0.478	355.4	0	-2.38
2006	12	2100	0.828	95.4	1.558	147.6	0	-2.424
2006	12	2200	0.439	97.1	0.971	94.6	0	-2.596
2006	12	2300	-0.243	98	1.379	323.9	0	-2.5
2006	12	2400	-0.824	99.1	1.083	89.6	0	-2.521
2006	12	2400	4.426	83.7	4.304	230.3	0	57.52
2006	13	100	-1.005	99.7	1.346	169.9	0	-2.578
2006	13	200	-1.39	100	1.649	175.1	0	-2.124
2006	13	300	-1.559	100.2	2.7	172.6	0	-2.479
2006	13	400	-1.495	100.4	2.054	161.6	0	-2.233
2006	13	500	-1.363	100.5	1.735	147.1	0	-1.869
2006	13	600	-1.249	100.6	0.835	131.4	0	-1.882
2006	13	700	-0.851	100.7	1.255	60.97	0	-1.685
2006	13	800	-0.319	100.9	2.474	152	0	-0.613
2006	13	900	1.404	101.1	1.806	201.8	0	12.3
2006	13	1000	3.806	101.1	3.317	200.8	0	22.5
2006	13	1100	5.989	100.6	2.903	187.9	0	61.61
2006	13	1200	7.82	94.2	2.407	190.3	0	87.3
2006	13	1300	8.6	84.1	1.833	40.08	0	80.6
2006	13	1400	9.95	75.4	2.63	119.3	0	96.5
2006	13	1500	9.44	76.3	2.556	119.8	0	102.8
2006	13	1600	9.46	75.4	3.025	122.6	0	43.06
2006	13	1700	7.32	88.2	2.53	129.2	0	5.631
2006	13	1800	6.233	94	1.891	169.6	0	-0.382
2006	13	1900	5.937	96.1	1.358	119.9	0	-0.434
2006	13	2000	5.497	97.2	1.86	249	0	-0.386
2006	13	2100	5.306	97.5	1.896	98.3	0	-0.479
2006	13	2200	5.242	97.5	2.76	164.3	0	-0.5
2006	13	2300	5.129	97.5	2.375	111.1	0.254	-0.462
2006	13	2400	4.684	98.5	1.108	166.3	0	-0.406
2006	13	2400	3.857	94.9	2.096	156.4	0.254	20.57
2006	14	100	4.944	99.6	1.661	335	0.508	-0.001
2006	14	200	5.419	100.2	1.725	341.4	0	0
2006	14	300	5.416	99.6	6.224	355.2	0	-0.221
2006	14	400	4.711	96.2	6.639	348.9	0	-0.62
2006	14	500	3.707	94.6	7.67	343.9	0	-0.618
2006	14	600	2.491	90.6	8.93	346.2	0	-0.627
2006	14	700	1.172	90.8	10.12	338.5	0	-0.436
2006	14	800	-0.389	91.1	11.28	340	0.254	-0.903
2006	14	900	-1.111	81.2	12.48	342.8	0	10.75
2006	14	1000	-1.436	79.4	11.03	342.7	0	29.24
2006	14	1100	-1.568	76.9	11.69	344.8	0	97.3
2006	14	1200	-1.554	75.4	10.36	342.6	0	168.3
2006	14	1300	-1.753	73.8	10.15	344.9	0	210.7
2006	14	1400	-1.393	69.91	9.29	345.6	0	203.2
2006	14	1500	-1.946	65.46	9.41	344.3	0	69.81
2006	14	1600	-2.687	64.73	9.78	340.8	0	41.05
2006	14	1700	-3.335	67.48	9.35	336.8	0	15.92
2006	14	1800	-3.98	71.3	8.2	340	0	-2.582
2006	14	1900	-4.361	69.28	8.06	335.9	0	-3.806
2006	14	2000	-4.819	62.63	8.11	348.1	0	-3.915
2006	14	2100	-5.349	61.47	6.557	353.5	0	-4.184
2006	14	2200	-5.783	66.08	6.244	0.333	0	-4.173
2006	14	2300	-6.308	70.4	5.801	358.5	0	-4.202
2006	14	2400	-6.873	70.9	5.289	352	0	-4.16
2006	14	2400	-1.116	78.7	8.17	344.6	0.762	33.99
2006	15	100	-7.57	74	3.285	342.4	0	-4.343
2006	15	200	-7.68	76.5	4.147	328.2	0	-3.815
2006	15	300	-7.48	77.9	2.763	333.6	0	-3.617
2006	15	400	-8.83	85.9	0.454	297.9	0	-3.964
2006	15	500	-8.81	89.7	2.14	328.4	0	-3.5
2006	15	600	-7.42	77.1	6.253	358	0	-4.087
2006	15	700	-8.26	77.2	5.663	2.237	0	-3.612
2006	15	800	-9.49	76.9	6.885	18.95	0	-1.793
2006	15	900	-10.28	73.8	6.798	6.442	0	17.21
2006	15	1000	-10.21	67.81	6.132	5.363	0	69.03
2006	15	1100	-9.83	62.57	5.855	2.581	0	281.6
2006	15	1200	-9.04	57.53	6.316	5.659	0	417.1
2006	15	1300	-8.05	54.59	6.107	7.8	0	442.2
2006	15	1400	-7.17	52.18	5.261	8.1	0	287.7
2006	15	1500	-6.923	53.61	5.195	18.11	0	66.25
2006	15	1600	-6.72	54.3	5.915	34.39	0	39.74
2006	15	1700	-7.58	58.25	5.417	24.17	0	15.54
2006	15	1800	-8.78	62.08	5.699	17.87	0	-3.019
2006	15	1900	-9.65	69.67	5.129	13.41	0	-4.003
2006	15	2000	-10.25	75.3	4.629	10.78	0	-3.921
2006	15	2100	-10.65	77.2	4.304	8.13	0	-3.919
2006	15	2200	-11.06	67.87	4.856	6.056	0	-3.17
2006	15	2300	-11.1	59.6	4.618	9.65	0	-2.681
2006	15	2400	-11.25	59.31	4.144	7.46	0	-3.44
2006	15	2400	-8.92	68.37	4.915	7.28	0	65.98
2006	16	100	-11.54	61.01	4.007	9.89	0	-2.935
2006	16	200	-11.28	60.28	4.341	14.95	0	-0.624
2006	16	300	-11.3	61.74	4.349	10.46	0	-1.203
2006	16	400	-11.63	64.68	3.088	4.427	0	-2.952
2006	16	500	-12.14	69.72	4.695	15.87	0	-3.413
2006	16	600	-11.76	68.89	3.04	3.498	0	-1.506
2006	16	700	-11.79	65.51	3.819	15.86	0	-1.371
2006	16	800	-11.62	62.48	4.208	18.01	0	-0.093
2006	16	900	-11.32	59.77	4.204	23.84	0	27.25
2006	16	1000	-10.2	54.11	4.322	48.86	0	102.1
2006	16	1100	-8.72	50.66	5.149	65.17	0	200.8
2006	16	1200	-7.84	59.47	6.988	85.5	0	226.4
2006	16	1300	-6.252	67.72	7.21	73.9	0	321.9
2006	16	1400	-5.448	70.2	7.74	87.1	0	277.1
2006	16	1500	-4.861	72.4	6.396	103	0	162.2
2006	16	1600	-4.65	71.4	6.872	103	0	65.17
2006	16	1700	-4.992	76.3	6.439	79.8	0	22.82
2006	16	1800	-5.087	75.5	6.61	84.5	0	-0.096
2006	16	1900	-4.974	75.5	6.564	81	0	-1.819
2006	16	2000	-4.673	76.7	5.738	83.7	0	-2.307
2006	16	2100	-4.229	77.3	7.27	101.7	0	-3.579
2006	16	2200	-3.868	78	7.7	108	0	-3.465
2006	16	2300	-3.665	74.3	8.5	103.7	0	-3.699
2006	16	2400	-3.523	74.4	8.66	101.5	0	-3.662
2006	16	2400	-7.81	67.84	5.746	71.8	0	57.2
2006	17	100	-3.23	76.2	8.65	106.1	0	-3.638
2006	17	200	-2.913	70.2	9.35	108.7	0	-3.485
2006	17	300	-2.529	66.22	9.31	107.3	0	-2.782
2006	17	400	-2.172	63.85	9.83	108.8	0	-2.193
2006	17	500	-1.846	62.02	12.04	109.6	0	-1.868
2006	17	600	-1.561	62.21	12.3	107.9	0	-1.892
2006	17	700	-1.288	63.65	12.03	106	0	-2.437
2006	17	800	-1.179	66.04	11.34	106.6	0	-0.982
2006	17	900	-0.716	66.35	13.08	106	0	22.61
2006	17	1000	0.035	66.02	12.89	109.9	0	70.1
2006	17	1100	0.272	68.22	10.87	111.6	0	79.7
2006	17	1200	0.475	70.3	11.41	110.1	0	62.91
2006	17	1300	0.563	77.4	9.96	104.9	0	80.3
2006	17	1400	0.192	89.3	11.38	104	2.032	39.12
2006	17	1500	0.351	94.1	10.08	104.3	2.032	31.13
2006	17	1600	0.673	96.2	10.37	104	2.286	13.49
2006	17	1700	1.333	97.5	11.04	108.5	1.778	2.959
2006	17	1800	1.785	98.9	9.86	104.4	2.286	-0.412
2006	17	1900	2.321	99.9	8.43	111.1	2.286	-0.427
2006	17	2000	2.637	100.3	8.74	111.2	2.286	-0.172
2006	17	2100	2.978	100.6	5.837	125.7	1.524	-0.095
2006	17	2200	3.287	100.8	4.435	136.1	2.286	-0.008
2006	17	2300	3.88	101	6.697	155.3	1.524	-0.135
2006	17	2400	4.461	101	8.69	169.4	0.254	-0.06
2006	17	2400	0.325	81.6	9.94	111.9	20.57	15.91
2006	18	100	4.788	100.3	7.63	171.8	0	-0.015
2006	18	200	4.756	99.5	5.06	172.1	0	0
2006	18	300	3.997	100	1.435	184.7	1.524	0
2006	18	400	3.893	100.5	1.949	156.3	2.286	0
2006	18	500	3.554	100.7	2.716	122.1	0.762	0
2006	18	600	3.671	101	4.717	154.9	0	-0.003
2006	18	700	3.945	101.1	3.273	211.4	0	0
2006	18	800	3.264	101	4.735	273.1	0	0.619
2006	18	900	1.918	100.8	4.879	253.5	0	5.98
2006	18	1000	1.613	100	5.807	248.8	0	16.32
2006	18	1100	1.479	98.6	6.03	247.2	0	25.25
2006	18	1200	0.863	97.8	8.09	273.7	0.254	46.71
2006	18	1300	0.737	97.9	7.55	274	0.254	58.31
2006	18	1400	0.577	98.9	5.555	265.1	0.508	43.58
2006	18	1500	1.38	92.3	9.58	268.3	0	71
2006	18	1600	0.998	88.5	10.3	260.9	0	36.06
2006	18	1700	0.346	87.1	9.08	259.2	0	6.311
2006	18	1800	0.177	83.4	9.51	255.8	0	-0.248
2006	18	1900	-0.64	89	8.16	249.2	0	-0.945
2006	18	2000	-1.1	83.6	9.68	246.1	0	-0.881
2006	18	2100	-1.546	74.8	10.79	266.3	0	-0.898
2006	18	2200	-2.007	76.7	9.43	260.5	0	-0.927
2006	18	2300	-2.453	83	7.93	246	0	-1.606
2006	18	2400	-2.529	79.1	8.12	242.2	0	-1.653
2006	18	2400	1.32	93.1	6.751	246.8	5.588	12.62
2006	19	100	-2.3	78.1	6.938	245	0	-0.809
2006	19	200	-2.257	76	6.232	246.2	0	-0.723
2006	19	300	-2.38	76.2	5.774	241.3	0	-0.895
2006	19	400	-2.954	78.1	6.082	241.4	0	-2.895
2006	19	500	-3.058	82.7	4.999	243.2	0	-1.995
2006	19	600	-2.744	83.5	3.688	245.4	0	-1.495
2006	19	700	-3.769	88	1.934	236.7	0	-2.142
2006	19	800	-5.065	92.4	0.922	241.9	0	-0.132
2006	19	900	-4.336	95.5	1.877	231.3	0	33.56
2006	19	1000	-1.309	90.3	1.643	266.1	0	98.8
2006	19	1100	1.812	76.2	3.601	211.1	0	280.4
2006	19	1200	3.405	69.18	5.072	198.4	0	294.1
2006	19	1300	3.485	71.6	6.652	181.4	0	227.6
2006	19	1400	4.456	70.5	5.069	182.8	0	227.3
2006	19	1500	4.477	70.5	6.837	161.4	0	157.3
2006	19	1600	3.828	76	6.189	151.2	0	78.8
2006	19	1700	2.673	79.9	4.182	150.9	0	25.63
2006	19	1800	0.374	89.4	1.653	132.6	0	-2.653
2006	19	1900	0.776	94.2	1.896	135	0	0.285
2006	19	2000	1.966	90.4	3.148	107	0	0.433
2006	19	2100	2.237	88.1	3.103	119.5	0	0
2006	19	2200	2.316	88.2	1.94	117.1	0	0
2006	19	2300	1.964	90.8	1.536	138.6	0	-0.031
2006	19	2400	1.736	93	1.264	114.3	0	-0.165
2006	19	2400	0.222	82.9	3.843	197.9	0	58.76
2006	20	100	1.442	95.1	1.908	105.1	0	-0.519
2006	20	200	1.251	96.6	1.299	322.4	0	-0.239
2006	20	300	1.504	97.3	0.845	331.7	0	0
2006	20	400	1.568	97.5	2.151	222.4	0	-0.456
2006	20	500	3.868	97	5.581	236.9	0	-0.571
2006	20	600	4.748	92.3	5.784	234.8	0	-1.588
2006	20	700	5.185	88.2	5.256	235.3	0	-1.608
2006	20	800	4.581	91.8	3.53	234.6	0	0.606
2006	20	900	5.479	92.3	3.902	230.5	0	39.89
2006	20	1000	8.68	82.8	4.977	237.3	0	124.5
2006	20	1100	11.13	75.3	6.852	236.8	0	299.9
2006	20	1200	12.47	72.2	7.12	255.2	0	302.5
2006	20	1300	11.91	73.4	8.13	272.2	0	190
2006	20	1400	10.98	74.5	6.787	286.9	0	145.7
2006	20	1500	10.29	72.1	6.99	294.8	0	176.1
2006	20	1600	8.21	75.6	7.14	310.1	0	102.1
2006	20	1700	5.771	80.7	4.696	315.4	0	26.43
2006	20	1800	3.046	87.3	2.932	310.1	0	-1.354
2006	20	1900	2.217	89.6	2.294	332.9	0	-1.902
2006	20	2000	1.716	91.2	1.982	343	0	-0.883
2006	20	2100	2.508	88.2	3.059	27.93	0	0
2006	20	2200	2.742	85.8	4.106	80.4	0	-0.226
2006	20	2300	2.237	92.2	3.885	97.5	0	-0.755
2006	20	2400	1.828	97.4	5.665	77.8	0.762	-0.492
2006	20	2400	5.223	86.9	4.453	268.3	0.762	58.21
2006	21	100	1.489	98.8	5.738	37.09	1.016	-0.358
2006	21	200	1.009	99	5.093	39.94	1.016	-0.577
2006	21	300	0.903	99.3	3.312	31.47	0.508	-0.551
2006	21	400	0.938	99.7	4.319	19.42	2.54	-0.393
2006	21	500	0.898	100	4.361	9.71	1.778	-0.258
2006	21	600	0.693	100.2	3.723	350.7	0.762	-0.244
2006	21	700	0.547	100.3	5.001	358.5	2.54	-0.311
2006	21	800	0.382	100.2	4.596	347.7	1.27	-0.197
2006	21	900	0.281	100.2	5.392	326.6	1.778	4.789
2006	21	1000	0.36	100.3	7.38	320.5	0.762	9.66
2006	21	1100	0.796	99.4	6.373	322.3	0	59.57
2006	21	1200	2.349	88.1	7.89	332.6	0	383.1
2006	21	1300	2.574	79.9	8.27	320.7	0	271.8
2006	21	1400	2.552	79.6	7.47	318.7	0.254	203
2006	21	1500	2.739	68.98	9.2	320.4	0	170.9
2006	21	1600	1.562	67.54	9.81	308.5	0	46.84
2006	21	1700	0.751	73.6	8.33	312.3	0	19.5
2006	21	1800	-0.334	79.5	5.424	316.9	0	-1.3
2006	21	1900	-1.334	77.4	4.674	306.1	0	-2.984
2006	21	2000	-3.056	87.3	2.062	292.3	0	-3.173
2006	21	2100	-4.02	92.7	1.049	300.6	0	-2.927
2006	21	2200	-4.284	95	0.367	281	0	-2.988
2006	21	2300	-4.629	96.2	1.875	307.8	0	-3.094
2006	21	2400	-4.401	97.3	2.562	317.3	0	-3.191
2006	21	2400	-0.052	90.9	5.178	331.8	14.22	47.77
2006	22	100	-5.033	97.1	1.354	302.4	0	-3.283
2006	22	200	-5.364	97.7	1.338	310.7	0	-3.19
2006	22	300	-5.464	97.9	2.12	309.4	0	-3.29
2006	22	400	-5.43	97.8	2.745	312.9	0	-3.217
2006	22	500	-5.595	97.7	3.044	315.7	0	-3.238
2006	22	600	-5.727	97.7	3.645	316	0	-3.51
2006	22	700	-6.179	97.3	2.203	316.7	0	-3.41
2006	22	800	-7.27	96.8	0.74	285.2	0	-1.871
2006	22	900	-6.484	97.2	2.053	320.1	0	18.98
2006	22	1000	-3.824	97.7	0.929	344.3	0	84.1
2006	22	1100	-0.492	91.5	4.089	163.3	0	246.4
2006	22	1200	2.248	72	6.109	188.2	0	473.7
2006	22	1300	3.572	66.89	5.451	193.6	0	434.3
2006	22	1400	3.389	69.27	6.465	176.6	0	286.8
2006	22	1500	3.477	69.45	5.515	176.9	0	177.6
2006	22	1600	3.145	69.81	3.701	146	0	117.7
2006	22	1700	1.432	78.2	3.349	128.3	0	39.18
2006	22	1800	-0.067	83.6	2.876	111	0	-0.389
2006	22	1900	-0.931	88.5	2.747	104.3	0	-2.894
2006	22	2000	-0.59	90.5	3.381	81.1	0	-2.164
2006	22	2100	-0.546	91.2	2.738	37.85	0	-1.508
2006	22	2200	-1.115	93.4	1.985	351	0	-1.987
2006	22	2300	-1.125	96.1	1.725	330.5	0	-1.117
2006	22	2400	-1.023	96.6	1.182	329.4	0	-1.026
2006	22	2400	-1.875	88.8	2.978	189.4	0	76.8
2006	23	100	-0.99	96.9	0.977	312.8	0	-0.862
2006	23	200	-0.904	97.2	1.617	310.1	0	-0.749
2006	23	300	-0.975	97.5	2.882	323	0	-1.09
2006	23	400	-0.996	97.5	2.895	322	0	-0.717
2006	23	500	-0.857	97.3	2.337	324.4	0	-0.623
2006	23	600	-0.757	97	2.534	311.3	0	-0.623
2006	23	700	-1.045	96.9	3.132	317.7	0	-1.406
2006	23	800	-2.128	97.5	2.838	321.8	0	-0.042
2006	23	900	-2.273	98.2	1.937	310.8	0	39.82
2006	23	1000	-1.002	98.6	2.555	315	0	80.1
2006	23	1100	1.845	74.1	4.976	318.6	0	350.7
2006	23	1200	3.95	55.31	6.105	320.9	0	449.1
2006	23	1300	5.162	50.55	5.383	326.1	0	461.2
2006	23	1400	5.252	51.26	6.303	298.2	0	333.6
2006	23	1500	3.586	61.58	7.38	298.2	0	118
2006	23	1600	2.493	68.4	7.28	295.8	0	64.84
2006	23	1700	1.311	72	6.656	293.3	0	27.31
2006	23	1800	-0.728	80.1	2.616	266.7	0	-1.582
2006	23	1900	-2.188	89.1	2.146	273.8	0	-3.264
2006	23	2000	-0.692	82.7	4.674	270.9	0	-1.534
2006	23	2100	-0.137	74	5.151	273.9	0	-1.153
2006	23	2200	-0.48	74.2	4.152	281.6	0	-0.902
2006	23	2300	-1.268	75.3	3.527	269.5	0	-2.407
2006	23	2400	-3.175	83.4	2.067	234.3	0	-4.352
2006	23	2400	0.125	81.9	3.838	300.4	0	79.3
2006	24	100	-4.446	89.6	2.533	194.7	0	-3.892
2006	24	200	-4.826	92.4	2.496	188.9	0	-3.784
2006	24	300	-5.084	94.3	2.059	180.3	0	-3.768
2006	24	400	-5.248	95.7	0.383	303.4	0	-3.785
2006	24	500	-5.65	96.5	1.177	240.5	0	-3.732
2006	24	600	-4.569	98	4.221	198.1	0	-3.765
2006	24	700	-1.763	96.1	5.147	199.4	0	-3.478
2006	24	800	-0.756	89.4	6.461	204.2	0	-0.303
2006	24	900	0.466	77.6	6.737	203.8	0	27
2006	24	1000	2.279	63.24	8.41	210.8	0	87.8
2006	24	1100	3.694	55.81	9.13	215.6	0	201.5
2006	24	1200	4.92	53.36	9.66	223.4	0	318.5
2006	24	1300	4.354	65.65	10.18	229.7	0	154.5
2006	24	1400	1.765	91.7	8.49	222	0	96.5
2006	24	1500	1.797	94.6	6.798	223.7	0.254	111.6
2006	24	1600	1.238	95.7	6.368	228.7	0.254	43.94
2006	24	1700	1.451	95.3	6.749	231.4	0	42.96
2006	24	1800	1.67	91.9	7.23	226.7	0	0.69
2006	24	1900	1.677	91.9	6.336	223.9	0	-1.424
2006	24	2000	1.547	94	6.269	236.6	0	-1.347
2006	24	2100	1.526	95.6	5.575	239.3	0	-1.078
2006	24	2200	1.874	93	6.268	239.9	0	-0.794
2006	24	2300	1.508	94.2	5.437	246.3	0	-1.495
2006	24	2400	1.779	90.7	6.727	261.1	0	-1.679
2006	24	2400	0.05	87.3	5.868	222.7	0.508	43.78
2006	25	100	1.533	89.5	6.644	268.5	0	-1.891
2006	25	200	1.307	88.3	7.53	284.3	0	-2.386
2006	25	300	0.953	84.8	8.67	294.7	0	-2.531
2006	25	400	1.057	82.1	7.76	287.7	0	-0.306
2006	25	500	0.76	83.2	6.351	277.9	0	-0.751
2006	25	600	0.275	85.7	5.379	265.8	0	-1.482
2006	25	700	0.211	86.6	4.626	281.3	0	-0.959
2006	25	800	0.283	92.5	4.57	303.6	0	0.552
2006	25	900	0.701	89.6	7.17	334	0	12.62
2006	25	1000	1.009	80	7.51	336.2	0	71
2006	25	1100	1.045	69.95	10.36	322.5	0	275.6
2006	25	1200	0.681	65.84	10.99	325.2	0	378.6
2006	25	1300	-0.116	65.72	11.32	318.9	0	322.4
2006	25	1400	-0.449	64.12	11.12	317.8	0	306
2006	25	1500	-1.156	65.29	11.54	317.9	0	171.6
2006	25	1600	-2.067	68.2	10.31	315.9	0	71.2
2006	25	1700	-2.815	69.95	11.47	315.8	0	33.45
2006	25	1800	-3.491	69.06	11.12	312.9	0	4.579
2006	25	1900	-4.108	68.8	10.97	309.3	0	-3.132
2006	25	2000	-4.429	71.2	9.46	311.2	0	-2.869
2006	25	2100	-4.816	71.6	10	313.8	0	-2.355
2006	25	2200	-5.107	70.3	9.52	317.6	0	-2.487
2006	25	2300	-5.772	69.73	7.27	312.8	0	-2.813
2006	25	2400	-6.084	70.2	6.988	316.1	0	-2.874
2006	25	2400	-1.275	75.9	8.69	309.8	0	67.53
2006	26	100	-7.07	71.3	7.38	310.6	0	-3.326
2006	26	200	-8.09	73.4	6.211	312.5	0	-4.116
2006	26	300	-8.58	75.3	5.017	307.7	0	-3.849
2006	26	400	-9.06	76.8	3.841	316.2	0	-4.252
2006	26	500	-9.45	76.4	4.695	329.1	0	-4.365
2006	26	600	-9.79	76.1	4.783	320.4	0	-4.365
2006	26	700	-10.15	76.7	5.357	313.7	0	-4.365
2006	26	800	-10.6	78.1	4.166	308.3	0	-1.151
2006	26	900	-10.13	75	4.756	324.8	0	22.62
2006	26	1000	-9.02	67.28	5.771	346.5	0	77.9
2006	26	1100	-7.66	61.49	6.454	349.9	0	358.9
2006	26	1200	-6.049	55.05	6.312	7.77	0	478.1
2006	26	1300	-4.072	47.29	4.906	316.5	0	496.4
2006	26	1400	-3.13	41.48	5.428	309.3	0	376.6
2006	26	1500	-3.302	46.24	5.213	297.2	0	144
2006	26	1600	-3.497	50.4	5.934	277.4	0	48.3
2006	26	1700	-4.078	53.79	4.161	305.3	0	31.07
2006	26	1800	-5.471	63.08	4.141	289.9	0	-1.097
2006	26	1900	-6.47	70	3.954	296	0	-4.324
2006	26	2000	-7.4	74.3	3.016	293.9	0	-4.281
2006	26	2100	-8.17	77.8	3.336	297.9	0	-4.045
2006	26	2200	-8.76	79	3.114	299.2	0	-3.906
2006	26	2300	-9.28	81.2	2.981	306.1	0	-3.878
2006	26	2400	-10.06	85.4	1.467	281.8	0	-3.901
2006	26	2400	-7.47	68.04	4.683	313.4	0	82.4
2006	27	100	-10.22	88.6	1.022	268.6	0	-3.7
2006	27	200	-10.2	89.7	0.783	257.4	0	-3.668
2006	27	300	-10.18	91.1	0.424	261.5	0	-3.696
2006	27	400	-10.04	92	1.154	339.3	0	-3.408
2006	27	500	-9.72	92.7	0.987	307.9	0	-3.126
2006	27	600	-8.47	94.1	2.905	236.2	0	-3.085
2006	27	700	-7.98	93.9	1.881	247.5	0	-3.1
2006	27	800	-7.16	95.2	2.01	224.4	0	0.503
2006	27	900	-5.759	95.9	2.531	211.1	0	26.67
2006	27	1000	-1.943	90.1	5.619	230.5	0	83.4
2006	27	1100	1.199	75.2	7.11	232	0	369.5
2006	27	1200	3.562	63.98	6.801	225.6	0	458.4
2006	27	1300	5.903	56.56	6.959	229.5	0	462.7
2006	27	1400	7.09	52.84	6.695	236.1	0	347.1
2006	27	1500	6.526	54.96	6.548	228	0	144.5
2006	27	1600	5.95	55.75	4.927	232.7	0	82.2
2006	27	1700	4.403	62.5	3.918	228.2	0	40.58
2006	27	1800	3.136	67.04	4.33	225.2	0	0.926
2006	27	1900	2.863	66	4.383	212.2	0	-1.089
2006	27	2000	2.562	65.62	4.551	206.7	0	-1.58
2006	27	2100	2.088	69.21	4.37	222.5	0	-1.698
2006	27	2200	2.631	67.91	5.655	236.5	0	-1.673
2006	27	2300	1.732	72	6.223	239.9	0	-2.745
2006	27	2400	2.379	69.45	6.405	238.4	0	-1.612
2006	27	2400	-1.236	75.9	4.091	231.2	0	82.6
2006	28	100	3.536	64.17	5.58	239.8	0	-0.845
2006	28	200	3.575	65.2	5.047	237.2	0	-1.095
2006	28	300	3.53	67.21	4.253	245.7	0	-0.734
2006	28	400	3.33	69.75	4.272	248.7	0	-0.548
2006	28	500	2.324	75	4.143	243.9	0	-1.78
2006	28	600	0.699	81.3	1.644	244.4	0	-2.398
2006	28	700	0.468	83.5	3.221	244.9	0	-2.044
2006	28	800	-0.233	88.2	3.089	247.3	0	0.333
2006	28	900	0.85	85.2	3.285	261.3	0	27.7
2006	28	1000	3.362	76	4.269	269.3	0	83.1
2006	28	1100	6.658	62.6	4.814	275.1	0	311.2
2006	28	1200	8.84	54.84	5.566	277	0	433.5
2006	28	1300	10.59	49.81	5.695	258.8	0	457
2006	28	1400	11.31	48.16	5.035	267.1	0	352.4
2006	28	1500	10.9	50.06	4.705	264.3	0	146.5
2006	28	1600	10.26	52.42	3.845	244.4	0	54.39
2006	28	1700	7.93	59.98	2.489	255.2	0	29.93
2006	28	1800	4.929	70.4	1.449	235.6	0	0.35
2006	28	1900	3.383	78.7	1.241	244.5	0	-2.448
2006	28	2000	2.969	82.8	0.409	243.9	0	-0.62
2006	28	2100	3.38	81.9	0.312	194.2	0	0.014
2006	28	2200	3.504	83.9	1.243	313.6	0	-0.216
2006	28	2300	3.254	92.3	1.859	119.7	0	-0.073
2006	28	2400	3.209	94.6	0.977	83.3	0	0
2006	28	2400	4.69	71.6	3.268	254.6	0	78.5
2006	29	100	2.885	94.7	2.158	66.28	0	-0.025
2006	29	200	3.213	96.1	3.899	153	0	-0.594
2006	29	300	2.567	97.2	3.354	86.4	0	-0.565
2006	29	400	2.927	96.7	4.365	102	0	-0.602
2006	29	500	3.045	95.1	5.474	109.6	0	-0.62
2006	29	600	3.697	90.8	9.48	98.2	0	-0.656
2006	29	700	3.436	92.8	8.97	104.1	0	-0.653
2006	29	800	3.184	94.9	9.04	103.6	0	-0.052
2006	29	900	3.234	95.6	9.13	111	1.016	8.32
2006	29	1000	3.287	98.2	7.87	108.5	2.032	15.57
2006	29	1100	3.479	99.4	8.49	106.7	3.302	20.33
2006	29	1200	3.288	100.1	8.08	105.5	3.81	19.25
2006	29	1300	3.389	100.4	10.57	104.3	4.064	21.79
2006	29	1400	3.494	100.6	8.36	109.3	3.048	16.75
2006	29	1500	3.752	100.8	8.48	105.7	1.778	16.69
2006	29	1600	4.135	101	6.347	116.8	0.762	12.34
2006	29	1700	4.403	101.1	4.449	118.6	1.524	6.053
2006	29	1800	4.335	101.2	3.012	108.9	0.762	0.81
2006	29	1900	4.075	101.2	1.613	108.5	0.254	-0.074
2006	29	2000	3.938	101.3	1.535	147.5	0	0
2006	29	2100	3.879	101.3	1.996	166.6	0	0
2006	29	2200	5.467	101.6	2.725	231.6	0	-0.008
2006	29	2300	6.791	101.6	5.031	233.3	0	-0.157
2006	29	2400	7.47	101.5	5.523	233.6	0	-0.09
2006	29	2400	3.89	98.5	5.83	113.8	22.35	5.576
2006	30	100	7.1	101.4	5.377	231.5	0	-0.209
2006	30	200	6.515	101.2	5.032	230.5	0	-0.253
2006	30	300	6.301	100.7	5.653	233.3	0	-0.394
2006	30	400	5.675	100.4	4.757	234	0	-0.069
2006	30	500	5.655	100.3	4.857	233.8	0	-0.106
2006	30	600	4.873	100.3	3.447	234.5	0	-0.496
2006	30	700	5.019	100.8	3.835	207.2	0	-0.151
2006	30	800	5.177	100.7	3.47	207.2	0	1.198
2006	30	900	5.142	100	4.416	209.6	0	20.7
2006	30	1000	5.528	97.1	5.187	205.5	0	54.05
2006	30	1100	6.212	94.4	6.339	204.2	0	185.5
2006	30	1200	8.89	79.8	7.55	212.5	0	420.4
2006	30	1300	9.29	71.8	8.22	228	0	306
2006	30	1400	9.42	66.72	8.06	219.7	0	327.5
2006	30	1500	8.95	65.67	8.74	213.8	0	174.9
2006	30	1600	7.96	68.61	6.76	215.6	0	73.8
2006	30	1700	7.22	70.7	6.03	220	0	48.94
2006	30	1800	5.852	73.5	3.644	220.5	0	2.735
2006	30	1900	4.531	80.4	1.818	220.7	0	0.006
2006	30	2000	4.184	88.3	1.988	213.2	0	-0.565
2006	30	2100	4.018	89.6	2.815	237.6	0	-0.298
2006	30	2200	4.109	90.9	1.973	240.8	0	-0.748
2006	30	2300	3.547	96.7	2.891	202.6	2.032	-0.567
2006	30	2400	3.165	98.3	1.524	216	0.254	-0.273
2006	30	2400	6.014	89.1	4.766	219.8	2.286	67.15
2006	31	100	2.832	99.1	2.16	222.1	0	-0.491
2006	31	200	2.088	99.6	2.341	258.5	0	-1.068
2006	31	300	1.927	100.1	2.153	303.6	0	-0.613
2006	31	400	1.871	100.5	2.591	289.4	0	-0.617
2006	31	500	1.652	100.5	4.3	310.9	0	-0.623
2006	31	600	1.227	98.8	5.622	301.5	0	-0.364
2006	31	700	0.113	91	5.931	303.8	0	-2.705
2006	31	800	-1.168	92.6	4.041	307.9	0	3.985
2006	31	900	0.037	88.8	4.583	295.8	0	37.42
2006	31	1000	0.416	86	3.463	298.3	0	26.22
