481.321300 16.519856 1.000000
491.700361 20.129964 1.000000
435.743682 132.043321 1.000000
357.223827 72.927798 1.000000
350.906137 62.548736 1.000000
336.014440 68.415162 1.000000
324.732852 78.342960 1.000000
323.379061 89.624549 1.000000
311.194946 94.137184 1.000000
303.523466 98.649819 1.000000
298.559567 108.577617 1.000000
285.472924 114.895307 1.000000
275.545126 113.090253 1.000000
396.935018 129.335740 1.000000
392.873646 117.151625 1.000000
378.884477 115.797834 1.000000
382.945848 125.725632 1.000000
366.700361 123.920578 1.000000
363.992780 133.848375 1.000000
347.747292 123.018051 1.000000
344.137184 137.458484 1.000000
332.855596 143.776173 1.000000
352.259928 169.046931 1.000000
434.389892 235.833935 1.000000
471.844765 230.418773 1.000000
471.844765 208.758123 1.000000
478.613718 199.732852 1.000000
475.454874 188.451264 1.000000
479.274220 178.170562 1.000000
484.028881 167.241877 1.000000
364.004497 217.170812 1.000000
370.322186 203.632906 1.000000
393.336627 182.874783 1.000000
394.690417 167.531823 1.000000
349.112800 239.282725 1.000000
340.990056 246.051678 1.000000
322.036988 273.578754 1.000000
334.221103 255.528213 1.000000
313.914244 286.665397 1.000000
305.791500 299.752039 1.000000
286.387168 314.643736 1.000000
277.361898 325.022798 1.000000
262.470201 328.632906 1.000000
308.047818 183.326047 1.000000
219.148901 200.022798 1.000000
203.354677 210.853122 1.000000
197.939515 223.037238 1.000000
188.011717 228.001137 1.000000
251.188612 165.275505 1.000000
225.917854 159.409079 1.000000
485.382671 257.565922 1.000000
485.382671 237.710326 1.000000
479.967509 220.562312 1.000000
432.133574 271.555092 1.000000
416.790614 283.287944 1.000000
349.287669 297.728377 1.000000
344.137184 327.963034 1.000000
351.478413 316.131822 1.000000
360.382671 327.819369 1.000000
392.873646 317.583973 1.000000
409.119134 315.327655 1.000000
415.436823 332.926933 1.000000
409.119134 335.183251 1.000000
435.743682 322.547872 1.000000
458.647244 313.313362 1.000000
484.931408 309.009965 1.000000
155.973624 44.046931 1.000000
154.619833 53.072202 1.000000
155.071097 66.158845 1.000000
149.204671 73.379061 1.000000
145.594562 84.209386 1.000000
136.118028 88.270758 1.000000
137.471819 97.747292 1.000000
143.789508 104.516245 1.000000
125.738967 104.064982 1.000000
125.287703 115.346570 1.000000
114.908642 135.653430 1.000000
126.641494 140.617329 1.000000
123.933912 152.350181 1.000000
115.359905 165.436823 1.000000
121.677595 179.425993 1.000000
141.984454 174.010830 1.000000
162.742577 165.888087 1.000000
191.172180 161.375451 1.000000
211.479039 140.617329 1.000000
141.971119 278.703971 1.000000
146.483755 265.617329 1.000000
164.985560 256.140794 1.000000
169.949458 240.797834 1.000000
16.519856 329.245487 1.000000
26.447653 334.209386 1.000000
28.703971 316.158845 1.000000
62.105415 20.129964 1.000000
80.607220 26.447653 1.000000
70.679422 31.411552 1.000000
81.058484 36.375451 1.000000
81.509747 53.072202 1.000000
88.729964 35.021661 1.000000
81.058484 62.097473 1.000000
65.264260 53.072202 1.000000
68.874368 67.512635 1.000000
65.264260 74.281588 1.000000
65.264260 86.014440 1.000000
58.495307 98.198556 1.000000
54.433935 110.833935 1.000000
47.180932 119.319716 1.000000
37.737184 134.750903 1.000000
24.650541 153.252708 1.000000
11.112635 59.841155 1.000000
10.661372 39.083032 1.000000
16.527798 33.216606 1.000000
51.065852 20.966918 1.000000
55.787725 34.119134 1.000000
40.896029 13.361011 1.000000
53.982671 5.238267 1.000000
43.603610 2.981949 1.000000
27.358123 16.068592 1.000000
17.881588 5.238267 1.000000
13.820216 14.263538 1.000000
4.343682 30.509025 1.000000
489.895307 115.797834 2.000000
468.685921 147.837545 2.000000
381.526484 73.797538 2.000000
369.859206 73.379061 2.000000
429.425993 185.292419 2.000000
411.826715 216.880866 2.000000
415.888087 221.844765 2.000000
424.913357 221.393502 2.000000
321.574007 308.558702 2.000000
104.969421 58.729390 2.000000
86.016352 155.509025 2.000000
64.806966 166.790614 2.000000
115.346570 268.776173 2.000000
112.187726 281.862816 2.000000
174.462094 216.429603 2.000000
80.148014 192.963899 2.000000
43.298204 224.607786 2.000000
28.252708 228.878396 2.000000
55.328520 274.191336 2.000000
40.888087 272.837545 2.000000
484.028881 4.787004 3.000000
485.382671 34.570397 3.000000
487.187726 79.245487 3.000000
480.418773 94.137184 3.000000
488.090253 100.003610 3.000000
468.234657 116.249097 3.000000
448.379061 115.346570 3.000000
401.898917 116.249097 3.000000
417.241877 72.025271 3.000000
422.205776 62.548736 3.000000
434.841155 63.000000 3.000000
421.303249 30.057762 3.000000
414.534296 41.339350 3.000000
407.765343 45.851986 3.000000
389.714801 60.292419 3.000000
368.505415 90.978339 3.000000
354.967509 95.490975 3.000000
342.332130 95.942238 3.000000
334.660650 108.577617 3.000000
326.989170 103.162455 3.000000
365.797834 60.743682 3.000000
379.335740 132.945848 3.000000
331.953069 127.981949 3.000000
394.227437 141.971119 3.000000
395.129964 152.350181 3.000000
404.606498 142.873646 3.000000
407.765343 159.119134 3.000000
417.241877 154.606498 3.000000
419.949458 233.126354 3.000000
412.729242 242.602888 3.000000
354.527963 227.549873 3.000000
294.961176 179.264675 3.000000
262.470201 184.228574 3.000000
241.260815 188.289946 3.000000
229.527963 189.643736 3.000000
236.296916 168.434350 3.000000
228.174172 134.138321 3.000000
243.517132 141.358538 3.000000
261.116410 114.282725 3.000000
315.268035 153.993917 3.000000
315.268035 163.019187 3.000000
321.585724 119.246624 3.000000
360.382671 289.154370 3.000000
336.014440 320.291554 3.000000
373.920578 313.071337 3.000000
392.422383 331.573142 3.000000
396.935018 332.024406 3.000000
138.374346 76.537906 3.000000
115.811169 151.898917 3.000000
131.154129 166.790614 3.000000
157.778678 177.169675 3.000000
160.034996 186.194946 3.000000
191.623443 185.292419 3.000000
169.962793 205.599278 3.000000
159.132468 216.429603 3.000000
124.385176 215.978339 3.000000
119.256055 45.940211 3.000000
108.755981 30.057762 3.000000
108.700542 68.987439 3.000000
110.384583 82.855596 3.000000
107.677002 91.429603 3.000000
109.482056 98.649819 3.000000
104.969421 118.086938 3.000000
92.785305 122.115523 3.000000
86.467616 120.310469 3.000000
95.944150 96.844765 3.000000
94.590360 153.252708 3.000000
104.694609 153.461946 3.000000
72.478446 147.837545 3.000000
76.991082 169.498195 3.000000
68.868338 183.036101 3.000000
50.817796 174.462094 3.000000
53.525378 186.646209 3.000000
115.346570 225.003610 3.000000
103.162455 235.833935 3.000000
131.592058 231.772563 3.000000
109.480144 246.212996 3.000000
143.324910 241.249097 3.000000
143.324910 251.628159 3.000000
127.530686 265.166065 3.000000
132.945848 287.729242 3.000000
155.960289 261.104693 3.000000
150.545126 231.321300 3.000000
45.851986 206.050542 3.000000
60.743682 224.552347 3.000000
46.303249 234.480144 3.000000
35.472924 245.761733 3.000000
47.657040 245.310469 3.000000
68.866426 234.480144 3.000000
79.696751 239.444043 3.000000
89.624549 227.259928 3.000000
74.732852 248.469314 3.000000
64.167205 247.566787 3.000000
66.158845 256.140794 3.000000
43.595668 257.494585 3.000000
31.411552 276.898917 3.000000
25.996390 262.458484 3.000000
9.750903 252.530686 3.000000
14.714801 275.996390 3.000000
74.281588 268.776173 3.000000
89.624549 268.776173 3.000000
88.270758 298.108303 3.000000
90.527076 282.314079 3.000000
80.148014 295.851986 3.000000
72.927798 311.194946 3.000000
63.451264 294.046931 3.000000
87.819495 315.256318 3.000000
30.960289 346.393502 3.000000
58.036101 344.588448 3.000000
72.033213 44.046931 3.000000
1.636101 180.779783 3.000000
35.480866 26.898917 3.000000
5.697473 16.068592 3.000000
14.714801 354.516245 3.000000
34.119134 369.407942 3.000000
494.407942 90.527076 4.000000
274.654316 156.250234 4.000000
294.961176 140.456011 4.000000
346.844765 273.811410 4.000000
137.020555 220.039711 4.000000
126.176895 249.371841 4.000000
66.610108 214.173285 4.000000
56.690253 148.740072 4.000000
26.004332 26.447653 4.000000
379.963455 268.065996 4.000000
121.577033 300.072040 0.000000
112.661198 316.833809 0.000000
102.675464 331.099144 0.000000
86.983595 352.140514 0.000000
81.634094 360.699715 0.000000
75.214693 366.762482 0.000000
68.438659 383.167618 0.000000
63.089158 393.866619 0.000000
54.529957 409.558488 0.000000
46.327389 425.250357 0.000000
51.320257 436.305991 0.000000
38.838088 435.949358 0.000000
37.411555 450.571327 0.000000
47.040656 445.935093 0.000000
49.537090 455.564194 0.000000
55.956491 454.494294 0.000000
32.062054 446.648359 0.000000
34.558488 463.231812 0.000000
21.719686 458.238944 0.000000
11.020685 483.916548 0.000000
21.719686 486.412981 0.000000
25.642653 477.140514 0.000000
37.411555 491.405849 0.000000
72.718260 484.296925 0.000000
93.046362 468.248423 0.000000
113.731098 451.486654 0.000000
127.283167 441.144286 0.000000
119.793866 434.368252 0.000000
143.688302 455.766255 0.000000
153.317404 434.724885 0.000000
139.408702 422.242717 0.000000
164.373039 420.102917 0.000000
168.296006 412.256982 0.000000
178.995007 401.201347 0.000000
190.407275 399.418180 0.000000
238.909415 352.909578 0.000000
246.398716 350.413145 0.000000
223.217546 369.671347 0.000000
173.110556 30.635521 0.000000
182.739658 16.013552 0.000000
419.544223 351.962197 0.000000
420.970756 341.976462 0.000000
408.131954 349.109130 0.000000
399.572753 349.822397 0.000000
403.139087 363.374465 0.000000
413.124822 361.591298 0.000000
396.719686 376.213267 0.000000
364.266049 423.288873 0.000000
347.860913 430.778174 0.000000
336.805278 448.609843 0.000000
327.532810 453.602710 0.000000
316.833809 462.875178 0.000000
297.575606 480.706847 0.000000
286.519971 490.692582 0.000000
280.457204 492.475749 0.000000
328.959344 344.472896 0.000000
316.833809 334.843795 0.000000
302.925107 333.417261 0.000000
311.127675 358.738231 0.000000
287.946505 355.885164 0.000000
275.464337 358.738231 0.000000
265.835235 370.863766 0.000000
256.206134 380.849501 0.000000
245.150499 381.206134 0.000000
236.947932 384.772468 0.000000
240.157632 394.758203 0.000000
228.388730 396.184736 0.000000
217.333096 406.170471 0.000000
177.033524 443.973609 0.000000
170.257489 452.532810 0.000000
166.334522 459.665478 0.000000
162.054922 444.330243 0.000000
158.845221 463.945078 0.000000
153.495720 472.504280 0.000000
129.957917 482.846648 0.000000
129.957917 497.111983 0.000000
497.825250 334.843795 0.000000
491.762482 341.619829 0.000000
481.063481 357.668331 0.000000
477.853780 367.654066 0.000000
466.084879 339.123395 0.000000
456.099144 351.248930 0.000000
450.393010 366.227532 0.000000
468.224679 379.779601 0.000000
478.210414 401.890870 0.000000
483.559914 419.365906 0.000000
496.398716 423.288873 0.000000
454.672611 400.820970 0.000000
432.917974 399.394437 0.000000
444.330243 414.373039 0.000000
448.966476 425.428673 0.000000
436.127675 424.358773 0.000000
422.932240 420.435806 0.000000
400.820970 416.512839 0.000000
411.876605 428.281740 0.000000
422.575606 437.554208 0.000000
435.057775 435.057775 0.000000
440.407275 438.980742 0.000000
430.778174 445.043509 0.000000
476.783880 446.826676 0.000000
494.258916 459.308845 0.000000
466.798146 463.588445 0.000000
447.896576 458.952211 0.000000
438.624108 456.812411 0.000000
441.477175 481.420114 0.000000
453.959344 489.622682 0.000000
433.987874 468.937946 0.000000
423.288873 459.665478 0.000000
399.037803 476.427247 0.000000
397.967903 448.609843 0.000000
399.037803 437.554208 0.000000
391.905136 455.385877 0.000000
387.982168 466.084879 0.000000
373.360200 476.070613 0.000000
364.444365 477.497147 0.000000
351.962197 490.335949 0.000000
415.086305 474.644080 0.000000
412.589872 486.769615 0.000000
404.743937 493.545649 0.000000
429.708274 487.839515 0.000000
