487.638989 25.545126 2.000000
477.259928 66.158845 2.000000
463.270758 67.061372 2.000000
453.794224 125.274368 2.000000
428.072202 86.916968 2.000000
443.866426 54.877256 2.000000
380.689531 75.184116 2.000000
356.321300 44.046931 2.000000
321.122744 46.303249 2.000000
325.635379 69.768953 2.000000
399.642599 118.505415 2.000000
386.104693 112.638989 2.000000
405.057762 152.801444 2.000000
451.537906 176.267148 2.000000
471.393502 174.010830 2.000000
384.299639 181.231047 2.000000
357.223827 153.252708 2.000000
344.137184 163.180505 2.000000
352.259928 186.194946 2.000000
328.342960 149.642599 2.000000
278.252708 134.299639 2.000000
283.216606 116.249097 2.000000
293.144404 64.805054 2.000000
316.610108 217.783394 2.000000
353.162455 233.577617 2.000000
360.382671 225.906137 2.000000
373.469314 211.916968 2.000000
282.765343 223.198556 2.000000
220.039711 168.595668 2.000000
224.552347 191.158845 2.000000
218.685921 206.953069 2.000000
209.660650 204.245487 2.000000
211.014440 223.649819 2.000000
189.353791 185.743682 2.000000
192.061372 214.173285 2.000000
244.407942 224.552347 2.000000
243.054152 247.115523 2.000000
182.133574 155.057762 2.000000
121.212996 128.884477 2.000000
151.898917 236.736462 2.000000
114.895307 278.252708 2.000000
100.003610 278.703971 2.000000
95.942238 286.826715 2.000000
96.844765 306.682310 2.000000
112.638989 287.729242 2.000000
14.714801 17.873646 2.000000
43.595668 39.083032 2.000000
45.851986 25.545126 2.000000
63.902527 23.288809 2.000000
113.992780 9.750903 2.000000
145.129964 16.519856 2.000000
138.361011 90.978339 2.000000
44.949458 85.111913 2.000000
6.140794 123.469314 2.000000
72.025271 211.465704 2.000000
88.270758 217.332130 2.000000
105.870036 218.234657 2.000000
120.761733 204.245487 2.000000
481.772563 117.602888 3.000000
254.335740 158.667870 3.000000
236.736462 139.263538 3.000000
228.162455 146.935018 3.000000
233.302806 124.129816 3.000000
214.173285 114.895307 3.000000
271.935018 218.685921 3.000000
263.361011 186.646209 3.000000
265.166065 232.223827 3.000000
274.125762 259.750903 3.000000
141.068592 219.588448 3.000000
177.797390 261.104693 3.000000
200.184116 278.703971 3.000000
188.000000 287.729242 3.000000
153.703971 289.083032 3.000000
128.884477 282.765343 3.000000
126.628159 294.949458 3.000000
109.028881 262.458484 3.000000
21.483755 187.548736 3.000000
437.375892 281.883738 0.000000
405.992154 280.457204 0.000000
383.167618 284.023538 0.000000
366.762482 284.736805 0.000000
405.992154 332.525678 0.000000
428.103424 381.741084 0.000000
438.802425 358.916548 0.000000
468.759629 359.629815 0.000000
478.745364 410.271755 0.000000
485.164765 428.103424 0.000000
464.480029 479.458631 0.000000
453.067760 485.164765 0.000000
456.634094 461.626961 0.000000
443.082026 445.935093 0.000000
429.529957 438.802425 0.000000
421.684023 425.250357 0.000000
398.859486 408.845221 0.000000
400.286020 400.286020 0.000000
403.139087 383.167618 0.000000
391.013552 353.923680 0.000000
377.461484 333.952211 0.000000
323.253210 333.238944 0.000000
327.532810 347.504280 0.000000
341.084879 344.651213 0.000000
348.930813 366.762482 0.000000
350.357347 372.468616 0.000000
338.945078 361.769615 0.000000
329.672611 363.909415 0.000000
326.106277 373.181883 0.000000
386.377318 385.129101 0.000000
371.398716 402.247504 0.000000
378.531384 422.932240 0.000000
365.692582 425.785307 0.000000
356.420114 412.233238 0.000000
356.776748 436.484308 0.000000
343.224679 414.016405 0.000000
332.882311 415.442939 0.000000
332.882311 404.387304 0.000000
325.749643 406.527104 0.000000
312.554208 386.912268 0.000000
306.491441 390.121969 0.000000
315.050642 369.080599 0.000000
276.177603 355.171897 0.000000
268.688302 367.654066 0.000000
250.856633 363.731098 0.000000
229.101997 359.451498 0.000000
214.836662 370.507133 0.000000
214.123395 399.751070 0.000000
190.228959 365.157632 0.000000
186.662625 331.277461 0.000000
197.361626 354.458631 0.000000
173.110556 392.261769 0.000000
166.691155 442.547076 0.000000
199.858060 460.735378 0.000000
195.221826 477.853780 0.000000
178.103424 457.882311 0.000000
153.852354 455.385877 0.000000
139.943652 442.190442 0.000000
128.174750 430.421541 0.000000
155.992154 431.491441 0.000000
160.271755 378.709700 0.000000
163.481455 364.087732 0.000000
163.481455 351.248930 0.000000
64.515692 379.422967 0.000000
60.236091 428.281740 0.000000
97.682596 483.559914 0.000000
75.927960 463.588445 0.000000
62.375892 455.029244 0.000000
64.515692 471.434379 0.000000
58.096291 481.776748 0.000000
52.390157 463.588445 0.000000
53.460057 442.547076 0.000000
34.558488 412.946505 0.000000
36.698288 404.743937 0.000000
32.418688 389.052068 0.000000
17.083452 399.037803 0.000000
20.649786 389.052068 0.000000
7.097718 382.276034 0.000000
13.160485 373.716833 0.000000
5.314551 357.668331 0.000000
6.027817 341.619829 0.000000
26.712553 435.771041 0.000000
25.999287 446.826676 0.000000
14.230385 426.498573 0.000000
6.384451 427.211840 0.000000
7.810984 407.953638 0.000000
32.062054 425.072040 0.000000
28.139087 472.504280 0.000000
21.719686 482.133381 0.000000
12.090585 487.839515 0.000000
7.810984 470.007846 0.000000
11.020685 450.393010 0.000000
31.348787 489.979315 0.000000
