287.279645 47.012737 1.000000
273.202250 61.178359 1.000000
286.377118 79.503712 1.000000
391.070259 58.294326 1.000000
380.691198 45.658946 1.000000
403.705638 66.417069 1.000000
430.330187 50.171582 1.000000
438.001667 60.550643 1.000000
417.694808 79.954975 1.000000
449.734519 93.041618 1.000000
455.149681 99.359307 1.000000
410.474591 102.066889 1.000000
424.463761 93.492881 1.000000
451.990837 33.926094 1.000000
431.232665 270.502573 1.000000
449.734470 249.744451 1.000000
452.442051 264.184884 1.000000
399.192954 215.448422 1.000000
396.518159 209.856808 1.000000
435.294037 257.415931 1.000000
419.048549 265.087411 1.000000
401.449271 201.007989 1.000000
422.658658 196.946617 1.000000
414.535914 182.957447 1.000000
418.146022 174.834703 1.000000
409.572015 169.870804 1.000000
421.756130 161.748061 1.000000
442.062990 152.271527 1.000000
438.001618 139.636147 1.000000
403.254325 155.430371 1.000000
415.438441 132.867194 1.000000
389.716419 130.610877 1.000000
426.268766 117.072971 1.000000
444.319307 122.939397 1.000000
12.458484 146.470161 1.000000
465.077969 2.931585 1.000000
461.919125 11.956856 1.000000
400.545126 241.700361 1.000000
399.191336 248.018051 1.000000
416.790614 249.371841 1.000000
493.059005 190.111572 1.000000
498.925431 195.526734 1.000000
498.474168 206.808323 1.000000
479.972363 219.443702 1.000000
490.351424 214.931066 1.000000
466.434456 254.642258 1.000000
486.290052 242.006878 1.000000
463.726875 279.461752 1.000000
493.965650 363.090253 1.000000
493.965650 377.530686 1.000000
485.842907 391.068592 1.000000
467.792365 414.083032 1.000000
476.520172 398.288809 1.000000
475.915109 434.389892 1.000000
489.904278 442.963899 1.000000
484.037852 456.050542 1.000000
474.561318 461.916968 1.000000
477.268899 482.223827 1.000000
492.611860 494.859206 1.000000
293.388096 4.957002 3.000000
302.171342 58.745589 3.000000
267.424050 82.662557 3.000000
253.886143 82.211293 3.000000
293.829226 107.217373 3.000000
400.998057 34.377358 3.000000
288.182123 142.794992 3.000000
280.510643 135.123512 3.000000
261.106311 125.646978 3.000000
247.568405 282.235425 3.000000
411.377069 285.394270 3.000000
410.023278 223.119902 3.000000
378.886094 216.350949 3.000000
235.387525 120.671752 3.000000
194.325730 260.426082 3.000000
178.619732 282.603569 3.000000
266.085996 379.711523 3.000000
271.952422 366.173617 3.000000
260.670834 355.794556 3.000000
280.977693 432.960621 3.000000
336.934371 468.610440 3.000000
215.980202 322.772694 3.000000
229.518108 349.397243 3.000000
9.750903 158.203013 3.000000
117.877700 325.201771 3.000000
92.783394 343.010288 3.000000
39.985560 418.822562 3.000000
142.422383 443.415162 3.000000
114.675934 443.294150 3.000000
41.339350 448.830325 3.000000
155.960289 494.859206 3.000000
132.043321 469.137184 3.000000
146.935018 468.685921 3.000000
111.285199 461.465704 3.000000
168.144404 454.245487 3.000000
266.986219 470.490975 3.000000
484.482400 91.973177 3.000000
459.665503 178.829983 3.000000
470.495828 223.956337 3.000000
336.016107 23.547033 4.000000
341.431270 37.987466 4.000000
268.624041 104.378646 4.000000
260.655096 37.084939 4.000000
234.030548 40.695048 4.000000
234.481811 2.337647 4.000000
317.514253 235.755281 4.000000
295.853603 277.722790 4.000000
301.268766 290.358169 4.000000
309.842773 300.737230 4.000000
244.409560 267.343729 4.000000
208.311713 36.285471 4.000000
182.138428 25.906409 4.000000
199.737705 32.224099 4.000000
200.188969 137.819767 4.000000
222.938732 152.799689 4.000000
193.420016 155.870308 4.000000
205.604131 195.581499 4.000000
278.558212 186.837339 4.000000
264.722842 189.126443 4.000000
279.614538 319.992869 4.000000
175.372661 302.844855 4.000000
366.717765 384.675422 4.000000
353.179859 362.563509 4.000000
322.042675 396.859538 4.000000
382.060725 429.801776 4.000000
276.465057 413.105025 4.000000
13.812274 105.405179 4.000000
9.299639 124.358248 4.000000
111.736462 230.645667 4.000000
106.321300 240.573465 4.000000
31.411552 236.963356 4.000000
28.703971 273.064439 4.000000
39.083032 289.309927 4.000000
75.635379 295.627616 4.000000
70.220217 306.006678 4.000000
74.281588 315.934475 4.000000
117.151625 296.078880 4.000000
133.397112 310.068049 4.000000
122.566787 367.829782 4.000000
87.368231 414.309927 4.000000
53.765491 430.280602 4.000000
25.545126 428.750360 4.000000
16.519856 387.234114 4.000000
164.534296 404.606498 4.000000
94.137184 488.992780 4.000000
79.696751 462.368231 4.000000
142.873646 491.249097 4.000000
214.173285 441.158845 4.000000
221.844765 457.404332 4.000000
214.624549 468.685921 4.000000
369.896759 408.667870 4.000000
426.301602 26.189041 4.000000
264.562620 147.065603 4.000000
228.791788 274.442933 4.000000
405.961907 299.383440 4.000000
395.131582 279.527844 4.000000
213.278798 292.917057 4.000000
228.179859 373.845097 4.000000
208.759986 340.823236 4.000000
229.518108 335.408073 4.000000
130.931556 224.118739 4.000000
114.257457 258.018943 4.000000
104.967509 269.003067 4.000000
96.844765 389.039169 4.000000
190.256318 404.606498 4.000000
167.241877 422.205776 4.000000
144.227437 456.501805 4.000000
22.232482 454.729538 4.000000
35.561150 477.073342 4.000000
117.151625 479.064982 4.000000
229.064982 489.895307 4.000000
333.321959 493.054152 4.000000
491.251353 117.243935 4.000000
497.569042 133.940686 4.000000
483.579872 127.622996 4.000000
464.626804 132.586895 4.000000
485.387525 152.205434 4.000000
481.326153 172.963557 4.000000
471.398355 179.732510 4.000000
497.571641 167.999658 4.000000
474.105937 210.869694 4.000000
474.110055 423.559567 4.000000
426.558743 40.800546 0.000000
405.383880 44.898907 0.000000
342.200820 53.095628 0.000000
333.321038 63.000000 0.000000
327.856557 52.071038 0.000000
323.758197 34.994536 0.000000
321.025956 16.551913 0.000000
366.107923 26.797814 0.000000
496.913934 335.882514 0.000000
462.077869 442.439891 0.000000
378.744536 11.428962 0.000000
348.348361 6.989071 0.000000
409.823770 10.062842 0.000000
27.310109 346.469945 0.000000
308.730874 160.336066 0.000000
318.635246 145.991803 0.000000
357.911202 80.759563 0.000000
341.517760 106.032787 0.000000
