69.317690 84.833232 2.000000
69.768953 97.017348 2.000000
52.169675 90.248394 2.000000
32.853569 114.198149 2.000000
21.483755 115.519153 2.000000
72.476534 139.048361 2.000000
6.592058 140.853415 2.000000
175.364621 41.963196 3.000000
179.425993 57.306156 3.000000
211.916968 19.400019 3.000000
40.162011 131.820079 3.000000
345.031867 3.441952 3.000000
338.262914 17.431122 3.000000
349.093239 24.651339 3.000000
291.782770 30.969028 3.000000
261.096849 21.492494 3.000000
328.335116 70.680219 3.000000
345.031867 69.326429 3.000000
252.974105 81.510544 3.000000
476.357597 1.916033 3.000000
408.667968 171.784420 3.000000
430.328618 195.250124 3.000000
433.719259 205.995375 0.000000
353.162798 221.017719 3.000000
344.137527 216.956347 3.000000
106.893576 161.634191 3.000000
213.270758 229.752332 3.000000
245.310469 190.492405 3.000000
32.588891 203.039558 3.000000
219.588448 252.315509 3.000000
15.166065 292.241877 3.000000
43.144404 480.418773 3.000000
9.750903 5.862113 4.000000
20.581227 33.840452 4.000000
10.653430 34.291716 4.000000
4.335740 23.010127 4.000000
10.202166 45.122041 4.000000
25.093863 48.732149 4.000000
26.447653 64.075109 4.000000
13.812274 57.757420 4.000000
21.935018 75.356698 4.000000
14.714801 84.833232 4.000000
12.909747 71.295326 4.000000
61.194946 32.035398 4.000000
52.169675 20.302546 4.000000
69.768953 22.107600 4.000000
70.308443 7.778046 4.000000
81.953069 18.497492 4.000000
46.754513 36.096770 4.000000
82.855596 52.342257 4.000000
95.490975 13.533593 4.000000
169.498195 0.446950 4.000000
158.667870 13.533593 4.000000
136.104693 13.984857 4.000000
192.963899 13.984857 4.000000
190.256318 37.901824 4.000000
203.794224 43.768250 4.000000
223.649819 33.389189 4.000000
233.577617 46.024568 4.000000
215.527076 63.623846 4.000000
203.342960 65.880163 4.000000
225.003610 83.479441 4.000000
184.841155 93.858503 4.000000
197.927798 115.970416 4.000000
179.425993 106.945145 4.000000
180.328520 122.288106 4.000000
220.942238 119.580524 4.000000
219.137184 135.374748 4.000000
191.610108 147.558864 4.000000
177.620939 149.815181 4.000000
152.045639 148.790591 0.000000
145.581227 127.703268 4.000000
128.884477 101.529983 4.000000
111.736462 107.396409 4.000000
86.916968 71.746589 4.000000
50.364621 99.911515 4.000000
143.776173 67.685218 4.000000
358.118510 32.774082 4.000000
312.540892 16.528595 4.000000
315.248474 30.066501 4.000000
249.815261 91.438342 4.000000
254.327896 63.460003 4.000000
461.465900 22.674156 4.000000
474.101279 20.869102 4.000000
493.054348 33.053217 4.000000
396.483853 24.672507 4.000000
412.278076 82.885503 4.000000
424.913455 55.358427 4.000000
456.050640 62.127381 4.000000
469.588546 81.531713 4.000000
474.552445 56.260955 4.000000
480.418871 47.686947 4.000000
439.805152 31.441460 4.000000
493.505513 73.408969 4.000000
481.772661 114.022687 4.000000
454.245585 118.084059 4.000000
438.451362 116.730269 4.000000
381.592156 126.658066 4.000000
410.021759 116.279005 4.000000
375.847793 101.424297 0.000000
364.444141 111.766370 4.000000
361.736560 146.513662 4.000000
397.837643 157.343987 4.000000
391.068690 174.492001 4.000000
408.667968 156.441460 4.000000
449.281686 194.798861 4.000000
450.184214 179.907164 4.000000
494.408285 221.017719 4.000000
479.967852 224.176563 4.000000
493.054495 260.277646 4.000000
462.368574 248.996058 4.000000
444.769296 260.728910 4.000000
435.292762 271.559235 4.000000
414.534639 271.107971 4.000000
383.848719 235.006888 4.000000
375.725975 224.627827 4.000000
337.819838 226.432881 4.000000
329.245831 234.104361 4.000000
304.389347 235.238685 0.000000
335.563520 198.003278 4.000000
322.928141 174.988838 4.000000
348.650163 169.122412 4.000000
347.747636 149.718080 4.000000
385.202509 303.147682 4.000000
331.953412 276.974397 4.000000
310.292762 288.255986 4.000000
88.722022 184.174715 4.000000
135.653430 182.369661 4.000000
138.812274 170.636809 4.000000
171.303249 174.698181 4.000000
187.097473 210.348000 4.000000
206.501805 213.958109 4.000000
221.844765 174.698181 4.000000
211.465704 255.925618 4.000000
188.451264 232.008650 4.000000
183.487365 243.290239 4.000000
180.328520 252.315509 4.000000
137.007220 257.279408 4.000000
123.920578 213.958109 4.000000
107.675090 212.604318 4.000000
96.844765 201.322730 4.000000
35.472924 218.922008 4.000000
35.472924 229.752332 4.000000
25.545126 239.680130 4.000000
8.397112 238.777603 4.000000
14.714801 187.784823 4.000000
23.288809 168.831755 4.000000
33.216606 185.077242 4.000000
8.694576 188.324313 4.000000
101.808664 277.135004 4.000000
63.902527 275.329950 4.000000
82.855596 232.911177 4.000000
26.447653 267.207206 4.000000
138.812274 288.416592 4.000000
225.003610 277.135004 4.000000
248.469314 277.135004 4.000000
232.223827 240.131394 4.000000
84.209386 399.191336 4.000000
98.198556 409.119134 4.000000
68.415162 428.072202 4.000000
25.093863 407.765343 4.000000
13.812274 398.740072 4.000000
138.812274 336.465704 4.000000
153.703971 336.916968 4.000000
145.581227 317.963899 4.000000
119.407942 304.425993 4.000000
119.407942 304.425993 4.000000
31.951042 311.162159 4.000000
4.335740 372.115523 4.000000
271.953599 395.952868 4.000000
243.072732 361.656839 4.000000
236.303779 307.505214 4.000000
195.238797 310.212796 4.000000
186.664790 314.274167 4.000000
271.504098 150.431694 0.000000
288.239071 166.483607 0.000000
261.941257 179.803279 0.000000
279.017760 210.882514 0.000000
281.750000 225.226776 0.000000
294.728142 254.256831 0.000000
258.867486 260.062842 0.000000
258.525956 275.773224 0.000000
340.493169 98.177596 0.000000
360.643443 134.721311 0.000000
266.722678 79.393443 0.000000
316.244536 91.005464 0.000000
321.025956 69.489071 0.000000
180.998634 78.027322 0.000000
157.774590 81.784153 0.000000
248.621585 144.625683 0.000000
189.536885 161.360656 0.000000
33.457650 51.387978 0.000000
39.263661 63.683060 0.000000
41.312842 75.978142 0.000000
57.364754 45.581967 0.000000
70.001366 35.336066 0.000000
387.965847 64.366120 0.000000
373.963115 46.606557 0.000000
351.080601 49.680328 0.000000
370.206284 16.893443 0.000000
379.769126 76.319672 0.000000
368.498634 92.371585 0.000000
484.960383 37.726776 0.000000
474.031421 95.445355 0.000000
484.960383 334.516393 0.000000
478.129781 344.079235 0.000000
451.831967 348.860656 0.000000
431.681694 340.322404 0.000000
449.099727 357.740437 0.000000
272.187158 95.786885 0.000000
255.110656 116.620219 0.000000
275.943989 126.183060 0.000000
242.815574 28.163934 0.000000
395.821038 163.068306 0.000000
407.433060 23.040984 0.000000
420.069672 138.478142 0.000000
418.020492 145.991803 0.000000
323.075137 392.576503 0.000000
300.875683 399.748634 0.000000
279.700820 410.336066 0.000000
347.323770 391.551913 0.000000
412.556011 377.549180 0.000000
168.362022 301.729508 0.000000
162.897541 271.674863 0.000000
172.460383 276.456284 0.000000
188.170765 262.453552 0.000000
128.744536 451.319672 0.000000
158.116120 457.467213 0.000000
177.924863 446.538251 0.000000
199.441257 447.221311 0.000000
57.023224 134.379781 0.000000
68.293716 130.622951 0.000000
56.681694 80.076503 0.000000
66.415301 168.532787 0.000000
56.852459 183.560109 0.000000
98.519126 495.718579 0.000000
115.595628 490.254098 0.000000
138.136612 466.346995 0.000000
126.524590 479.325137 0.000000
244.693989 433.560109 0.000000
256.306011 426.729508 0.000000
265.185792 416.483607 0.000000
230.349727 441.756831 0.000000
218.737705 442.439891 0.000000
284.311475 45.581967 0.000000
296.606557 48.314208 0.000000
