163.180505 46.754513 1.000000
169.949458 34.570397 1.000000
182.133574 44.498195 1.000000
184.389892 26.447653 1.000000
197.927798 25.093863 1.000000
207.855596 25.093863 1.000000
201.537906 14.263538 1.000000
219.137184 14.263538 1.000000
225.906137 20.129964 1.000000
234.931408 7.494585 1.000000
126.628159 51.718412 1.000000
129.335740 64.353791 1.000000
142.873646 66.158845 1.000000
142.873646 48.108303 1.000000
107.675090 22.386282 1.000000
103.162455 8.397112 1.000000
117.151625 13.361011 1.000000
128.884477 3.433213 1.000000
148.321595 19.678700 1.000000
20.129964 10.202166 1.000000
402.350181 71.574007 1.000000
387.909747 82.404332 1.000000
368.505415 85.111913 1.000000
348.198556 84.660650 1.000000
343.685921 96.844765 1.000000
328.794224 106.321300 1.000000
337.368231 110.382671 1.000000
345.490975 113.992780 1.000000
359.028881 2.530686 1.000000
396.935018 4.787004 1.000000
411.375451 5.689531 1.000000
391.519856 123.920578 1.000000
376.628159 130.238267 1.000000
401.447653 124.371841 1.000000
414.534296 126.628159 1.000000
356.321300 135.202166 1.000000
357.675090 144.227437 1.000000
344.137184 150.093863 1.000000
323.830325 161.826715 1.000000
323.830325 179.877256 1.000000
287.277978 187.097473 1.000000
294.949458 160.924188 1.000000
307.584838 155.057762 1.000000
275.996390 165.888087 1.000000
261.104693 171.303249 1.000000
248.018051 179.425993 1.000000
247.566787 169.949458 1.000000
250.725632 211.014440 1.000000
244.859206 227.259928 1.000000
339.624549 213.270758 1.000000
323.830325 225.906137 1.000000
326.537906 235.382671 1.000000
308.938628 241.700361 1.000000
347.747292 196.574007 1.000000
353.613718 184.841155 1.000000
382.043321 183.036101 1.000000
376.628159 174.010830 1.000000
365.797834 164.985560 1.000000
414.083032 171.754513 1.000000
411.826715 179.877256 1.000000
411.375451 215.978339 1.000000
395.581227 220.490975 1.000000
381.592058 216.880866 1.000000
379.787004 236.736462 1.000000
477.248750 28.252708 1.000000
458.416694 39.776321 1.000000
459.198209 27.350181 1.000000
432.210622 31.103954 1.000000
499.360663 73.379061 1.000000
496.201819 123.018051 1.000000
479.505068 116.700361 1.000000
478.690767 95.546414 1.000000
458.746945 95.490975 1.000000
469.126006 80.148014 1.000000
439.342613 84.209386 1.000000
443.403985 74.732852 1.000000
498.877103 152.493846 1.000000
495.751045 193.866426 1.000000
495.751045 185.743682 1.000000
188.451264 104.516245 2.000000
175.364621 124.371841 2.000000
160.472924 94.137184 2.000000
162.068740 77.374860 2.000000
178.072202 74.281588 2.000000
192.963899 67.061372 2.000000
238.992780 45.665400 2.000000
133.397112 82.855596 2.000000
129.335740 116.700361 2.000000
133.397112 136.555957 2.000000
127.981949 147.386282 2.000000
118.054152 128.884477 2.000000
109.106973 124.888678 2.000000
70.220217 125.274368 2.000000
39.083032 104.516245 2.000000
107.675090 195.220217 2.000000
144.227437 182.584838 2.000000
166.790614 199.281588 2.000000
173.163742 172.205776 2.000000
175.364621 158.667870 2.000000
169.949458 147.386282 2.000000
269.381236 51.420947 2.000000
283.216606 63.902527 2.000000
268.324910 81.050542 2.000000
252.651698 78.068149 2.000000
231.321300 104.516245 2.000000
229.516245 122.380201 2.000000
220.942238 129.335740 2.000000
241.249097 135.202166 2.000000
308.938628 21.032491 2.000000
314.353791 7.043321 2.000000
323.830325 24.191336 2.000000
208.758123 173.108303 2.000000
197.839572 178.127641 2.000000
197.927798 196.574007 2.000000
188.990753 172.888931 2.000000
182.584838 215.978339 2.000000
288.631769 38.631769 2.000000
248.018051 53.072202 2.000000
65.200878 48.978044 3.000000
97.747292 39.985560 3.000000
83.306859 38.180505 3.000000
153.252708 185.292419 3.000000
160.538497 195.946292 3.000000
164.083032 179.756244 3.000000
218.201870 95.369962 3.000000
354.516245 43.595668 3.000000
389.714801 38.631769 3.000000
399.367788 100.212849 3.000000
192.061372 192.061372 3.000000
498.006873 20.129964 3.000000
90.978339 86.014440 4.000000
75.184116 97.747292 4.000000
278.703971 216.880866 4.000000
277.350181 230.418773 4.000000
110.382671 63.000000 4.000000
220.542796 251.213267 0.000000
214.123395 266.191869 0.000000
201.997860 261.199001 0.000000
188.445792 270.471469 0.000000
175.606990 277.604137 0.000000
160.628388 282.597004 0.000000
134.950785 274.037803 0.000000
119.972183 287.589872 0.000000
83.595578 311.127675 0.000000
104.280314 319.686876 0.000000
67.903709 309.701141 0.000000
96.434379 338.945078 0.000000
83.595578 355.350214 0.000000
102.140514 361.056348 0.000000
132.810984 341.798146 0.000000
149.929387 358.203281 0.000000
155.635521 331.812411 0.000000
177.033524 327.532810 0.000000
179.886591 313.267475 0.000000
100.713980 229.101997 0.000000
149.929387 220.542796 0.000000
144.936519 236.234665 0.000000
132.810984 231.241797 0.000000
113.552782 219.829529 0.000000
92.154779 213.410128 0.000000
61.484308 224.109130 0.000000
27.960770 243.367332 0.000000
38.659772 251.213267 0.000000
51.498573 259.059201 0.000000
96.434379 300.428673 0.000000
372.290300 250.856633 0.000000
347.682596 250.143367 0.000000
363.017832 269.758203 0.000000
379.422967 285.093438 0.000000
389.765335 303.995007 0.000000
364.800999 315.050642 0.000000
374.073466 297.932240 0.000000
351.605563 306.491441 0.000000
396.541369 310.771041 0.000000
414.016405 304.708274 0.000000
434.344508 316.833809 0.000000
409.736805 326.462910 0.000000
412.233238 337.875178 0.000000
398.324536 348.930813 0.000000
377.996434 334.665478 0.000000
376.213267 345.364479 0.000000
374.430100 354.636947 0.000000
359.094864 351.427247 0.000000
347.325963 364.622682 0.000000
334.843795 359.629815 0.000000
317.368759 339.658345 0.000000
299.537090 322.539943 0.000000
266.013552 345.007846 0.000000
274.572753 362.839515 0.000000
320.578459 361.412981 0.000000
487.126248 297.575606 0.000000
488.196148 320.756776 0.000000
479.636947 326.819544 0.000000
478.567047 340.728245 0.000000
492.119116 359.986448 0.000000
473.574180 355.350214 0.000000
444.686876 406.348787 0.000000
446.470043 413.481455 0.000000
457.882311 431.313124 0.000000
472.504280 423.110556 0.000000
237.304565 263.695435 0.000000
224.109130 280.100571 0.000000
205.920827 285.806705 0.000000
205.920827 300.785307 0.000000
268.331669 270.114836 0.000000
276.534237 267.618402 0.000000
68.795292 364.266049 0.000000
65.228959 375.678317 0.000000
52.746790 385.664051 0.000000
36.698288 377.818117 0.000000
23.859486 366.762482 0.000000
43.830956 358.559914 0.000000
20.649786 334.308845 0.000000
39.907989 397.076320 0.000000
55.956491 420.614123 0.000000
76.284593 452.711127 0.000000
94.116262 448.074893 0.000000
60.236091 465.193295 0.000000
30.992154 460.557061 0.000000
42.047789 477.675464 0.000000
16.370185 473.395863 0.000000
20.649786 457.347361 0.000000
8.524251 454.494294 0.000000
131.919401 465.728245 0.000000
147.967903 478.210414 0.000000
160.806705 457.169044 0.000000
171.862340 466.441512 0.000000
177.568474 415.799572 0.000000
179.351641 423.645506 0.000000
177.925107 443.616976 0.000000
149.751070 421.149073 0.000000
198.966476 418.296006 0.000000
249.608417 442.903709 0.000000
274.929387 453.602710 0.000000
293.830956 450.749643 0.000000
352.675464 429.351641 0.000000
293.830956 425.785307 0.000000
301.320257 414.373039 0.000000
290.977889 405.100571 0.000000
246.398716 418.296006 0.000000
339.123395 465.014979 0.000000
315.228959 479.993581 0.000000
356.241797 453.602710 0.000000
387.268902 450.393010 0.000000
403.317404 449.679743 0.000000
386.555635 420.079173 0.000000
411.163338 432.204708 0.000000
370.863766 426.498573 0.000000
347.682596 393.688302 0.000000
327.354494 388.695435 0.000000
299.537090 385.129101 0.000000
269.936519 480.706847 0.000000
266.726819 493.545649 0.000000
242.832382 483.203281 0.000000
242.119116 467.511412 0.000000
211.805278 475.713980 0.000000
210.022111 460.378745 0.000000
195.043509 478.567047 0.000000
432.204708 461.448645 0.000000
433.987874 447.896576 0.000000
424.715407 472.860913 0.000000
437.910842 481.776748 0.000000
484.629815 472.147646 0.000000
470.721113 449.679743 0.000000
324.144793 309.522825 0.000000
