15.000000 136.000000 2.000000
17.748869 247.753392 2.000000
22.000000 239.000000 2.000000
56.000000 341.000000 2.000000
68.863493 324.391697 2.000000
95.031658 387.264698 2.000000
113.000000 474.000000 2.000000
140.000000 475.000000 2.000000
142.000000 486.000000 2.000000
140.293773 392.391697 2.000000
158.000000 190.000000 2.000000
182.000000 469.000000 2.000000
187.804152 396.097924 2.000000
199.000000 485.000000 2.000000
200.000000 465.000000 2.000000
201.000000 156.000000 2.000000
207.000000 417.000000 2.000000
212.000000 403.000000 2.000000
216.000000 77.000000 2.000000
219.587545 277.391697 2.000000
231.000000 478.000000 2.000000
237.000000 409.000000 2.000000
240.000000 39.000000 2.000000
241.000000 269.000000 2.000000
247.000000 240.000000 2.000000
254.842735 242.608303 2.000000
261.000000 26.000000 2.000000
268.000000 39.000000 2.000000
269.000000 20.000000 2.000000
268.646886 234.391697 2.000000
275.000000 261.000000 2.000000
274.391697 32.744810 2.000000
281.000000 270.000000 2.000000
285.000000 245.000000 2.000000
296.489621 289.000000 2.000000
295.587545 477.646886 2.000000
304.000000 463.000000 2.000000
308.548962 475.842735 2.000000
310.000000 7.000000 2.000000
313.000000 49.000000 2.000000
317.000000 23.000000 2.000000
347.000000 37.000000 2.000000
367.000000 7.000000 2.000000
378.548962 476.646886 2.000000
380.000000 454.000000 2.000000
408.000000 78.000000 2.000000
456.587545 330.353114 2.000000
491.548962 317.097924 2.000000
29.000000 332.000000 3.000000
50.748869 155.246608 3.000000
214.000000 448.000000 3.000000
311.000000 17.000000 3.000000
331.000000 50.000000 3.000000
354.000000 59.000000 3.000000
6.000000 321.000000 4.000000
26.000000 59.000000 4.000000
36.000000 227.000000 4.000000
54.000000 84.000000 4.000000
113.000000 35.000000 4.000000
117.000000 44.000000 4.000000
171.000000 217.000000 4.000000
218.000000 64.000000 4.000000
221.000000 45.000000 4.000000
285.000000 16.000000 4.000000
326.000000 370.000000 4.000000
330.000000 388.000000 4.000000
342.000000 74.000000 4.000000
348.000000 438.000000 4.000000
354.000000 347.000000 4.000000
370.000000 186.000000 4.000000
373.000000 282.000000 4.000000
375.000000 79.000000 4.000000
382.293773 270.000000 4.000000
397.097924 246.097924 4.000000
407.000000 196.000000 4.000000
427.548962 263.000000 4.000000
448.000000 178.000000 4.000000
457.000000 228.000000 4.000000
472.000000 479.000000 4.000000
