304.297765 449.141031 0.000000
346.830281 470.767462 2.000000
363.199367 422.220260 2.000000
401.316652 442.287004 2.000000
185.277935 431.813312 2.000000
181.813312 451.123014 2.000000
79.849640 354.407131 2.000000
35.247292 408.893502 2.000000
28.027076 492.828520 2.000000
86.756997 284.846885 2.000000
130.514755 281.615297 2.000000
97.521661 262.684116 2.000000
82.113039 262.873376 2.000000
87.593863 253.658845 2.000000
13.586643 111.059567 2.000000
46.077617 48.785199 2.000000
190.481949 204.019856 2.000000
190.481949 227.485560 2.000000
458.699864 60.865867 2.000000
373.382087 391.934748 3.000000
104.741877 402.575812 3.000000
65.365432 392.080233 3.000000
51.492780 370.987365 3.000000
17.196751 469.362816 3.000000
68.306048 233.424728 3.000000
21.709386 81.276173 3.000000
119.182310 104.741877 3.000000
167.394766 170.961100 3.000000
136.330325 173.333935 3.000000
88.496390 83.983755 3.000000
61.420578 98.424188 3.000000
360.157040 136.330325 3.000000
422.620668 192.498151 3.000000
467.557762 182.359206 3.000000
312.323105 102.936823 3.000000
320.445848 109.254513 3.000000
291.397609 409.417508 3.000000
271.141605 418.821300 3.000000
285.392778 372.268412 3.000000
163.194990 15.950661 3.000000
145.355596 89.433874 3.000000
90.301444 40.697412 3.000000
100.273016 13.767086 3.000000
110.157040 27.159506 3.000000
37.954874 35.282250 3.000000
13.586643 173.333935 4.000000
417.939372 332.169044 0.000000
421.505706 312.554208 0.000000
393.331669 327.176177 0.000000
373.003566 359.629815 0.000000
481.776748 267.975036 0.000000
306.681694 368.327869 0.000000
308.730874 407.262295 0.000000
304.290984 457.467213 0.000000
254.086066 418.532787 0.000000
359.448087 486.155738 0.000000
411.360656 477.275956 0.000000
216.005464 266.210383 0.000000
109.448087 96.811475 0.000000
175.704918 231.374317 0.000000
212.590164 167.849727 0.000000
120.377049 128.232240 0.000000
138.819672 26.456284 0.000000
4.256831 439.024590 0.000000
3.573770 461.565574 0.000000
475.739071 364.229508 0.000000
392.918033 496.401639 0.000000
