31.413808 0.817942 1.000000
33.218862 13.453321 1.000000
23.291064 22.478592 1.000000
27.803699 31.955126 1.000000
27.352436 40.529133 1.000000
70.673735 38.272816 1.000000
30.511280 48.651877 1.000000
44.951714 59.933465 1.000000
48.110558 54.067039 1.000000
127.532941 51.810722 1.000000
144.229692 69.410000 1.000000
103.164710 60.384729 1.000000
86.016696 48.200613 1.000000
63.002255 63.092310 1.000000
77.893952 67.153682 1.000000
38.634024 69.861263 1.000000
131.594313 83.399169 1.000000
140.168320 91.973177 1.000000
153.706226 109.572455 1.000000
138.814530 105.059819 1.000000
123.922833 112.280036 1.000000
144.680956 124.915415 1.000000
111.738717 127.171732 1.000000
96.395757 129.879314 1.000000
87.365388 137.909747 1.000000
76.535063 139.263538 1.000000
77.888853 155.960289 1.000000
73.827481 161.375451 1.000000
95.036868 156.411552 1.000000
116.697518 171.754513 1.000000
130.686687 162.729242 1.000000
111.733619 192.061372 1.000000
95.488131 192.963899 1.000000
84.657806 201.086643 1.000000
75.181272 188.451264 1.000000
72.473691 176.718412 1.000000
61.643366 196.574007 1.000000
88.719178 209.209386 1.000000
99.098240 214.624549 1.000000
63.899684 212.368231 1.000000
71.119900 224.552347 1.000000
83.248576 234.414571 1.000000
70.756863 246.026411 1.000000
77.437590 252.981949 1.000000
71.119900 262.007220 1.000000
76.535063 270.581227 1.000000
94.134341 266.971119 1.000000
75.181272 282.314079 1.000000
105.867193 275.996390 1.000000
112.636146 289.083032 1.000000
98.195712 294.046931 1.000000
83.304016 294.949458 1.000000
84.657806 307.133574 1.000000
98.195712 306.231047 1.000000
115.794990 314.353791 1.000000
134.120344 279.750163 1.000000
145.127120 281.411552 1.000000
141.517012 299.462094 1.000000
135.650586 312.548736 1.000000
152.798601 306.231047 1.000000
151.477597 316.763908 1.000000
166.336507 314.805054 1.000000
415.433980 313.000000 1.000000
12.463337 195.526734 1.000000
10.658283 207.710850 1.000000
16.524709 219.894965 1.000000
18.781027 228.920236 1.000000
16.524709 239.299297 1.000000
28.708825 256.898575 1.000000
19.232290 261.862474 1.000000
23.293662 270.887745 1.000000
12.012074 277.656698 1.000000
11.109547 288.487023 1.000000
35.873602 293.748386 1.000000
32.770196 298.866084 1.000000
38.185359 307.891355 1.000000
28.257561 319.172943 1.000000
47.661893 325.490633 1.000000
14.719655 324.588106 1.000000
1.633012 338.126012 1.000000
39.539150 353.017709 1.000000
18.781027 360.237925 1.000000
17.427236 346.700019 1.000000
7.048175 306.988828 1.000000
21.260835 374.404628 1.000000
4.344712 405.509025 1.000000
8.406084 487.638989 1.000000
58.496336 488.090253 1.000000
51.276120 492.602888 1.000000
51.276120 475.906137 1.000000
40.897058 464.173285 1.000000
49.019802 451.086643 1.000000
27.359152 451.989170 1.000000
20.138936 460.563177 1.000000
40.897058 435.743682 1.000000
69.326661 429.877256 1.000000
81.059513 424.010830 1.000000
63.911499 445.671480 1.000000
73.982962 443.833639 1.000000
90.987311 432.584838 1.000000
100.012582 423.108303 1.000000
94.597419 457.855596 1.000000
103.171426 440.707581 1.000000
119.416914 424.462094 1.000000
130.698502 423.559567 1.000000
144.236408 424.462094 1.000000
148.749044 411.826715 1.000000
165.897058 419.498195 1.000000
158.676842 432.584838 1.000000
133.406084 448.830325 1.000000
143.333881 452.891697 1.000000
137.016192 470.490975 1.000000
161.835686 489.444043 1.000000
3.893448 417.693141 1.000000
187.545893 492.151625 1.000000
192.509792 475.454874 1.000000
185.289575 464.173285 1.000000
186.192102 451.086643 1.000000
177.618095 447.025271 1.000000
174.459250 428.072202 1.000000
195.217373 432.584838 1.000000
203.791380 440.707581 1.000000
229.513402 435.743682 1.000000
241.697518 429.425993 1.000000
225.452030 489.444043 1.000000
246.661416 490.346570 1.000000
252.527842 475.906137 1.000000
268.773330 468.685921 1.000000
300.813041 480.418773 1.000000
274.188492 457.855596 1.000000
286.372608 442.512635 1.000000
307.130731 450.184116 1.000000
297.202933 433.036101 1.000000
282.311236 423.108303 1.000000
302.618095 412.277978 1.000000
306.228203 400.996390 1.000000
314.802211 395.581227 1.000000
328.340117 386.104693 1.000000
342.329287 379.787004 1.000000
345.036868 363.992780 1.000000
323.827481 411.826715 1.000000
293.141561 364.444043 1.000000
282.311236 372.566787 1.000000
260.650586 371.664260 1.000000
252.076579 383.397112 1.000000
240.343727 378.433213 1.000000
227.708348 375.725632 1.000000
236.282355 368.956679 1.000000
233.574774 357.223827 1.000000
218.683077 357.223827 1.000000
215.975496 347.296029 1.000000
223.646976 342.783394 1.000000
240.343727 327.440433 1.000000
293.141561 350.906137 1.000000
283.665027 340.527076 1.000000
275.091019 347.296029 1.000000
269.675857 336.916968 1.000000
278.249864 326.989170 1.000000
259.296796 323.830325 1.000000
268.619531 315.256318 1.000000
256.589214 315.256318 1.000000
280.957445 320.220217 1.000000
269.675857 301.267148 1.000000
283.665027 291.790614 1.000000
298.105460 294.498195 1.000000
264.345769 292.924937 0.000000
302.166832 317.512635 1.000000
305.776940 335.563177 1.000000
322.022427 329.245487 1.000000
327.437590 321.574007 1.000000
328.340117 310.743682 1.000000
344.134341 291.790614 1.000000
344.915855 279.155235 1.000000
346.841922 269.227437 1.000000
330.926686 269.678700 1.000000
329.605682 260.290392 1.000000
218.683077 332.855596 1.000000
207.401489 340.075812 1.000000
177.618095 339.173285 1.000000
183.935785 319.768953 1.000000
192.509792 311.194946 1.000000
234.631100 259.332426 1.000000
192.961055 255.238267 1.000000
192.509792 280.509025 1.000000
191.607265 295.400722 1.000000
322.022427 472.296029 1.000000
393.776173 337.368231 1.000000
388.812274 360.382671 1.000000
373.920578 359.028881 1.000000
372.566787 383.397112 1.000000
394.227437 318.415162 1.000000
396.935018 309.841155 1.000000
410.472924 305.328520 1.000000
363.992780 256.015598 1.000000
369.407942 246.087800 1.000000
380.238267 238.416320 1.000000
377.530686 250.149172 1.000000
372.115523 203.217764 1.000000
375.274368 219.463252 1.000000
357.675090 222.170833 1.000000
355.870036 212.243035 1.000000
354.967509 235.257476 1.000000
380.689531 177.495743 1.000000
287.729242 249.809511 1.000000
269.227437 252.517092 1.000000
258.397112 256.127201 1.000000
268.776173 238.076659 1.000000
283.216606 238.979186 1.000000
264.263538 204.231894 1.000000
288.631769 204.683157 1.000000
285.924188 215.964746 1.000000
254.335740 209.647056 1.000000
260.653430 186.181352 1.000000
257.043321 233.112760 1.000000
248.469314 189.805054 1.000000
238.992780 215.978339 1.000000
230.870036 215.075812 1.000000
207.855596 208.306859 1.000000
201.086643 227.259928 1.000000
216.917855 232.345890 0.000000
201.086643 242.602888 1.000000
172.657040 243.054152 1.000000
188.902527 268.324910 1.000000
237.638989 277.801444 1.000000
256.592058 273.740072 1.000000
183.036101 378.884477 1.000000
360.382671 59.678219 1.000000
354.516245 39.371360 1.000000
343.685921 47.042840 1.000000
339.624549 31.248616 1.000000
344.137184 7.331649 1.000000
373.920578 9.136703 1.000000
381.592058 20.869555 1.000000
394.227437 5.075331 1.000000
230.418625 60.457880 1.000000
231.772416 53.237663 1.000000
236.736315 39.248493 1.000000
227.711044 31.577013 1.000000
218.234510 32.028277 1.000000
218.234510 42.407338 1.000000
237.187579 9.465100 1.000000
54.879511 97.839603 3.000000
7.948104 119.500252 3.000000
147.009563 370.068444 3.000000
103.115987 372.115523 3.000000
93.694892 363.541516 3.000000
295.881929 357.498638 3.000000
268.322066 369.859206 3.000000
340.040182 259.541664 3.000000
214.170442 308.938628 3.000000
217.329287 297.205776 3.000000
206.498962 283.216606 3.000000
276.896074 265.617329 3.000000
360.712922 245.757549 3.000000
437.548736 180.203324 3.000000
446.122744 172.080580 3.000000
434.841155 163.506573 3.000000
465.075812 153.578775 3.000000
468.708573 165.069602 3.000000
470.942238 172.983107 3.000000
489.774294 164.464539 3.000000
481.442312 134.229882 3.000000
494.407942 142.748450 3.000000
427.620939 142.297187 3.000000
415.888087 160.347728 3.000000
344.434648 234.233936 3.000000
473.947284 103.920373 3.000000
455.213588 55.393149 3.000000
461.080014 68.931055 3.000000
482.675090 39.929176 3.000000
492.602888 52.509116 3.000000
433.036101 109.875024 3.000000
346.844765 104.459862 3.000000
356.321300 125.669248 3.000000
342.783394 137.402100 3.000000
331.501805 131.084411 3.000000
281.951042 136.620586 3.000000
275.545126 128.828093 3.000000
284.570397 111.228815 3.000000
469.588448 5.977858 3.000000
450.184116 44.335259 3.000000
369.859206 52.909266 3.000000
129.337995 63.543574 4.000000
123.027022 487.187726 4.000000
73.597271 357.763316 4.000000
216.878023 264.714801 4.000000
283.665027 277.350181 4.000000
434.841155 316.610108 4.000000
428.974729 325.184116 4.000000
487.638989 350.454874 4.000000
485.833935 381.592058 4.000000
492.602888 395.581227 4.000000
464.624549 408.667870 4.000000
478.613718 423.559567 4.000000
451.086643 433.036101 4.000000
461.014440 440.256318 4.000000
470.490975 443.415162 4.000000
464.624549 452.440433 4.000000
463.270758 465.461503 4.000000
472.296029 458.306859 4.000000
476.357401 469.137184 4.000000
452.440433 457.855596 4.000000
448.830325 489.895307 4.000000
436.822661 485.382671 4.000000
462.005193 484.898621 4.000000
384.750903 482.675090 4.000000
446.122744 405.960289 4.000000
451.086643 419.046931 4.000000
470.039711 268.199714 4.000000
479.516245 266.394660 4.000000
445.220217 273.614876 4.000000
432.133574 291.214154 4.000000
392.422383 281.737620 4.000000
410.021661 252.856754 4.000000
399.191336 221.719569 4.000000
409.119134 200.510183 4.000000
414.083032 225.329678 4.000000
452.881563 137.091263 4.000000
367.151625 175.239425 4.000000
430.779783 204.120291 4.000000
438.902527 223.073360 4.000000
475.268288 93.508525 4.000000
493.054152 101.124565 4.000000
490.797834 84.153003 4.000000
469.764899 54.160371 4.000000
430.328520 95.434591 4.000000
412.817468 96.876608 4.000000
383.397112 107.618707 4.000000
338.270758 113.485133 4.000000
343.685921 148.683689 4.000000
361.285199 153.647588 4.000000
383.397112 132.889465 4.000000
316.335297 146.845848 4.000000
309.389892 129.730620 4.000000
295.400722 94.080801 4.000000
275.545126 49.856974 4.000000
321.122744 62.492353 4.000000
480.418773 15.454392 4.000000
245.310322 103.779179 4.000000
237.187579 121.829721 4.000000
185.743535 152.515641 4.000000
27.352436 87.460541 4.000000
27.803699 101.449711 4.000000
3.435468 64.446101 4.000000
30.062615 141.375110 4.000000
133.406084 336.465704 4.000000
20.590199 424.462094 4.000000
242.060555 341.792641 4.000000
325.632536 303.523466 4.000000
326.237598 298.559567 4.000000
195.668637 324.732852 4.000000
245.340413 265.077839 4.000000
380.238267 192.387439 4.000000
285.593937 223.217749 4.000000
268.776173 223.184962 4.000000
222.296029 195.220217 4.000000
226.357254 14.428999 4.000000
189.804907 1.342356 4.000000
33.457650 188.341530 0.000000
110.643443 162.385246 0.000000
95.957650 227.275956 0.000000
103.129781 232.740437 0.000000
115.083333 145.991803 0.000000
128.061475 144.625683 0.000000
133.867486 135.745902 0.000000
104.495902 480.349727 0.000000
83.662568 468.396175 0.000000
55.657104 431.169399 0.000000
116.790984 448.928962 0.000000
168.020492 475.909836 0.000000
177.583333 475.568306 0.000000
34.482240 482.398907 0.000000
31.066940 491.620219 0.000000
20.137978 477.617486 0.000000
81.954918 450.295082 0.000000
87.760929 450.295082 0.000000
259.730053 453.368852 0.000000
288.077047 469.079235 0.000000
247.434971 460.199454 0.000000
302.079779 421.948087 0.000000
441.927596 320.767026 0.000000
355.178962 280.812643 0.000000
334.004098 280.129583 0.000000
434.755464 28.163934 0.000000
444.318306 19.625683 0.000000
202.756465 309.265884 0.000000
205.147176 299.361512 0.000000
237.592531 247.107414 0.000000
247.838433 233.787742 0.000000
167.578870 286.041840 0.000000
161.772859 271.697578 0.000000
231.444990 305.167523 0.000000
227.005099 325.317797 0.000000
235.201821 318.487195 0.000000
219.832968 319.853316 0.000000
146.404006 330.440747 0.000000
317.169034 315.754955 0.000000
