39.000000 18.000000 1.000000
44.000000 28.000000 1.000000
50.000000 45.000000 1.000000
52.986993 15.636318 1.000000
55.000000 35.000000 1.000000
65.000000 53.000000 1.000000
67.000000 69.000000 1.000000
69.000000 33.000000 1.000000
73.000000 59.000000 1.000000
79.000000 5.000000 1.000000
80.000000 41.000000 1.000000
84.052027 487.376689 1.000000
81.000000 75.000000 1.000000
82.000000 53.000000 1.000000
83.000000 84.000000 1.000000
84.000000 65.000000 1.000000
85.000000 30.000000 1.000000
92.000000 2.000000 1.000000
92.000000 16.000000 1.000000
93.000000 89.000000 1.000000
97.000000 61.000000 1.000000
99.000000 83.000000 1.000000
102.000000 100.000000 1.000000
104.000000 29.000000 1.000000
105.311655 484.960980 1.000000
110.000000 66.000000 1.000000
107.960980 472.947973 1.000000
112.000000 79.000000 1.000000
120.039020 91.584291 1.000000
123.000000 19.000000 1.000000
123.000000 40.000000 1.000000
129.039020 484.000000 1.000000
127.000000 65.000000 1.000000
129.000000 108.000000 1.000000
129.000000 470.000000 1.000000
132.000000 434.000000 1.000000
134.000000 49.000000 1.000000
134.000000 99.000000 1.000000
139.000000 113.000000 1.000000
139.000000 455.000000 1.000000
140.000000 76.000000 1.000000
141.000000 43.000000 1.000000
147.039020 438.636318 1.000000
145.000000 104.000000 1.000000
146.000000 92.000000 1.000000
151.000000 63.000000 1.000000
151.000000 122.000000 1.000000
152.000000 414.000000 1.000000
152.000000 462.000000 1.000000
156.052027 499.675338 1.000000
159.350676 421.649324 1.000000
163.000000 125.000000 1.000000
164.000000 102.000000 1.000000
165.000000 85.000000 1.000000
166.000000 452.000000 1.000000
167.000000 433.000000 1.000000
169.000000 52.000000 1.000000
170.000000 70.000000 1.000000
169.973986 469.597297 1.000000
173.000000 115.000000 1.000000
176.000000 389.000000 1.000000
181.000000 93.000000 1.000000
186.402703 415.973986 1.000000
180.311655 403.000000 1.000000
179.947973 459.324662 1.000000
186.000000 477.000000 1.000000
187.000000 114.000000 1.000000
189.000000 453.000000 1.000000
190.000000 70.000000 1.000000
190.000000 378.000000 1.000000
191.000000 106.000000 1.000000
191.337669 402.701351 1.000000
195.701351 432.662331 1.000000
193.000000 493.000000 1.000000
196.000000 123.000000 1.000000
197.000000 76.000000 1.000000
200.000000 396.000000 1.000000
201.013007 475.389696 1.000000
204.000000 381.000000 1.000000
205.000000 111.000000 1.000000
208.000000 457.000000 1.000000
209.000000 127.000000 1.000000
210.000000 369.000000 1.000000
210.000000 400.000000 1.000000
213.000000 382.000000 1.000000
215.000000 100.000000 1.000000
228.091047 473.272635 1.000000
223.013007 104.285642 1.000000
223.000000 498.000000 1.000000
221.298649 127.934966 1.000000
226.000000 86.000000 1.000000
222.285642 428.039020 1.000000
227.000000 406.000000 1.000000
229.000000 351.000000 1.000000
233.000000 382.000000 1.000000
234.000000 119.000000 1.000000
231.973986 493.649324 1.000000
235.649324 482.662331 1.000000
239.000000 467.000000 1.000000
232.220608 398.688345 1.000000
244.000000 436.000000 1.000000
245.000000 101.000000 1.000000
246.000000 122.000000 1.000000
249.000000 351.000000 1.000000
251.960980 127.311655 1.000000
253.636318 381.714358 1.000000
257.000000 359.000000 1.000000
261.000000 116.000000 1.000000
259.986993 434.272635 1.000000
263.000000 422.000000 1.000000
259.623311 474.973986 1.000000
267.000000 13.000000 1.000000
272.065034 349.026014 1.000000
267.000000 391.000000 1.000000
265.636318 447.026014 1.000000
270.675338 31.610304 1.000000
272.000000 117.000000 1.000000
273.000000 132.000000 1.000000
273.000000 366.000000 1.000000
274.000000 457.000000 1.000000
273.311655 427.389696 1.000000
280.363682 375.934966 1.000000
275.973986 407.675338 1.000000
278.311655 395.675338 1.000000
281.000000 95.000000 1.000000
281.000000 106.000000 1.000000
281.973986 51.649324 1.000000
284.000000 129.000000 1.000000
285.000000 21.000000 1.000000
284.662331 417.960980 1.000000
288.000000 433.000000 1.000000
294.376689 448.960980 1.000000
292.000000 387.000000 1.000000
295.039020 401.324662 1.000000
298.000000 459.000000 1.000000
299.000000 126.000000 1.000000
300.675338 314.986993 1.000000
300.000000 418.000000 1.000000
301.000000 47.000000 1.000000
301.000000 432.000000 1.000000
283.765878 491.779392 1.000000
304.000000 70.000000 1.000000
305.000000 351.000000 1.000000
304.986993 329.675338 1.000000
308.000000 379.000000 1.000000
296.155574 474.078041 1.000000
313.000000 39.000000 1.000000
313.000000 135.000000 1.000000
313.000000 365.000000 1.000000
314.000000 422.000000 1.000000
315.000000 434.000000 1.000000
316.000000 14.000000 1.000000
316.000000 393.000000 1.000000
313.298649 456.298649 1.000000
319.026014 307.688345 1.000000
319.000000 146.000000 1.000000
321.000000 89.000000 1.000000
321.000000 131.000000 1.000000
322.000000 32.000000 1.000000
327.389696 48.662331 1.000000
335.117061 354.233615 1.000000
328.000000 423.000000 1.000000
329.000000 142.000000 1.000000
329.000000 160.000000 1.000000
325.960980 485.233615 1.000000
331.000000 39.000000 1.000000
332.000000 442.000000 1.000000
335.000000 95.000000 1.000000
335.000000 294.000000 1.000000
341.065034 326.714358 1.000000
338.000000 177.000000 1.000000
332.259628 372.000000 1.000000
340.000000 15.000000 1.000000
341.000000 311.000000 1.000000
342.000000 299.000000 1.000000
344.000000 337.000000 1.000000
345.000000 33.000000 1.000000
344.662331 177.272635 1.000000
345.000000 473.000000 1.000000
340.597297 491.623311 1.000000
347.000000 43.000000 1.000000
347.000000 105.000000 1.000000
349.000000 163.000000 1.000000
350.000000 280.000000 1.000000
350.000000 446.000000 1.000000
352.000000 372.000000 1.000000
356.000000 107.000000 1.000000
356.675338 403.973986 1.000000
357.000000 290.000000 1.000000
358.000000 14.000000 1.000000
358.337669 74.104054 1.000000
356.649324 492.649324 1.000000
359.000000 119.000000 1.000000
360.000000 398.000000 1.000000
360.000000 418.000000 1.000000
361.000000 23.000000 1.000000
362.688345 31.921959 1.000000
359.311655 352.298649 1.000000
361.000000 428.000000 1.000000
356.259628 322.675338 1.000000
363.350676 478.675338 1.000000
363.000000 192.000000 1.000000
366.000000 376.000000 1.000000
367.000000 454.000000 1.000000
368.000000 124.000000 1.000000
370.350676 299.026014 1.000000
369.000000 431.000000 1.000000
370.000000 105.000000 1.000000
371.000000 18.000000 1.000000
373.000000 149.000000 1.000000
374.000000 137.000000 1.000000
370.610304 275.519257 1.000000
375.000000 439.000000 1.000000
376.000000 59.000000 1.000000
377.000000 163.000000 1.000000
378.000000 187.000000 1.000000
379.000000 322.000000 1.000000
377.636318 476.052027 1.000000
381.000000 33.000000 1.000000
381.000000 179.000000 1.000000
383.000000 412.000000 1.000000
381.298649 91.908953 1.000000
385.000000 24.000000 1.000000
383.649324 300.402703 1.000000
387.337669 64.298649 1.000000
387.000000 355.662331 1.000000
389.000000 279.000000 1.000000
389.000000 377.000000 1.000000
389.324662 392.973986 1.000000
393.026014 452.285642 1.000000
392.000000 256.000000 1.000000
395.000000 32.000000 1.000000
397.363682 469.623311 1.000000
397.000000 51.000000 1.000000
406.428716 304.324662 1.000000
401.675338 370.104054 1.000000
404.000000 276.000000 1.000000
406.013007 287.636318 1.000000
408.000000 431.000000 1.000000
413.052027 47.402703 1.000000
414.662331 457.233615 1.000000
416.000000 67.000000 1.000000
423.363682 44.065034 1.000000
421.000000 396.000000 1.000000
422.000000 373.000000 1.000000
424.000000 27.000000 1.000000
424.000000 282.000000 1.000000
423.324662 289.947973 1.000000
425.000000 434.000000 1.000000
428.000000 227.000000 1.000000
429.000000 390.000000 1.000000
434.389696 453.973986 1.000000
431.000000 300.000000 1.000000
441.740372 287.298649 1.000000
437.000000 41.000000 1.000000
437.000000 368.000000 1.000000
438.000000 234.000000 1.000000
440.623311 56.039020 1.000000
446.000000 448.000000 1.000000
447.000000 37.000000 1.000000
447.000000 229.000000 1.000000
441.908953 22.623311 1.000000
451.000000 380.000000 1.000000
457.000000 224.000000 1.000000
457.000000 403.000000 1.000000
458.000000 38.000000 1.000000
459.000000 387.000000 1.000000
460.000000 270.000000 1.000000
461.000000 244.000000 1.000000
462.000000 446.000000 1.000000
465.039020 488.376689 1.000000
465.000000 29.000000 1.000000
465.000000 419.000000 1.000000
466.000000 226.000000 1.000000
468.000000 288.000000 1.000000
468.000000 409.000000 1.000000
469.000000 275.000000 1.000000
469.000000 433.000000 1.000000
479.091047 8.000000 1.000000
473.000000 402.000000 1.000000
475.000000 449.000000 1.000000
478.000000 2.000000 1.000000
479.000000 20.000000 1.000000
482.000000 373.000000 1.000000
483.000000 400.000000 1.000000
485.000000 434.000000 1.000000
486.013007 452.558277 1.000000
486.000000 489.000000 1.000000
487.000000 414.000000 1.000000
489.000000 223.000000 1.000000
478.856926 241.233615 1.000000
490.000000 363.000000 1.000000
491.000000 385.000000 1.000000
489.960980 473.298649 1.000000
494.000000 375.000000 1.000000
497.000000 395.000000 1.000000
11.000000 179.000000 2.000000
11.000000 419.000000 2.000000
12.000000 127.000000 2.000000
12.000000 439.000000 2.000000
13.000000 380.000000 2.000000
16.000000 400.000000 2.000000
17.000000 283.000000 2.000000
18.000000 193.000000 2.000000
21.000000 382.000000 2.000000
22.000000 140.000000 2.000000
29.000000 417.000000 2.000000
33.000000 340.000000 2.000000
35.000000 434.000000 2.000000
40.000000 266.000000 2.000000
40.000000 395.000000 2.000000
41.000000 238.000000 2.000000
41.000000 324.000000 2.000000
47.000000 349.000000 2.000000
49.000000 374.000000 2.000000
58.000000 292.000000 2.000000
62.000000 243.000000 2.000000
62.000000 264.000000 2.000000
69.000000 396.000000 2.000000
76.000000 230.000000 2.000000
76.000000 279.000000 2.000000
77.000000 162.000000 2.000000
83.000000 346.000000 2.000000
85.000000 270.000000 2.000000
87.000000 252.000000 2.000000
90.000000 152.000000 2.000000
93.000000 375.000000 2.000000
99.000000 401.000000 2.000000
101.000000 229.000000 2.000000
105.000000 253.000000 2.000000
109.000000 243.744347 2.000000
113.000000 264.000000 2.000000
115.000000 334.000000 2.000000
119.000000 227.000000 2.000000
123.000000 349.000000 2.000000
124.000000 377.000000 2.000000
125.000000 175.000000 2.000000
130.000000 250.000000 2.000000
132.000000 260.000000 2.000000
138.000000 170.000000 2.000000
140.000000 197.000000 2.000000
140.000000 358.000000 2.000000
149.000000 239.000000 2.000000
150.000000 277.000000 2.000000
150.000000 302.000000 2.000000
156.000000 186.000000 2.000000
157.000000 318.000000 2.000000
158.000000 172.000000 2.000000
158.000000 266.000000 2.000000
166.000000 251.000000 2.000000
169.000000 226.000000 2.000000
171.000000 200.000000 2.000000
171.251131 263.748869 2.000000
172.000000 309.000000 2.000000
173.000000 340.000000 2.000000
184.000000 318.000000 2.000000
187.000000 292.000000 2.000000
188.000000 269.000000 2.000000
191.000000 301.000000 2.000000
195.000000 235.000000 2.000000
207.000000 185.000000 2.000000
212.000000 284.000000 2.000000
213.000000 191.000000 2.000000
212.497739 240.488693 2.000000
215.000000 298.000000 2.000000
223.000000 213.000000 2.000000
237.000000 260.000000 2.000000
237.000000 284.000000 2.000000
242.000000 234.000000 2.000000
245.000000 321.000000 2.000000
247.000000 196.000000 2.000000
248.000000 261.000000 2.000000
249.000000 290.000000 2.000000
258.000000 218.000000 2.000000
276.000000 192.000000 2.000000
277.000000 219.000000 2.000000
281.000000 202.000000 2.000000
291.000000 197.000000 2.000000
293.000000 237.000000 2.000000
312.000000 230.000000 2.000000
324.000000 234.000000 2.000000
372.000000 211.000000 2.000000
392.000000 206.000000 2.000000
396.000000 180.000000 2.000000
403.000000 150.000000 2.000000
408.000000 116.000000 2.000000
414.000000 157.000000 2.000000
417.000000 141.000000 2.000000
434.000000 107.000000 2.000000
436.000000 166.000000 2.000000
437.000000 136.000000 2.000000
442.000000 193.000000 2.000000
446.000000 157.000000 2.000000
458.000000 107.000000 2.000000
463.000000 95.000000 2.000000
466.000000 179.000000 2.000000
478.000000 171.000000 2.000000
489.000000 160.000000 2.000000
489.000000 179.000000 2.000000
493.000000 107.000000 2.000000
499.000000 76.000000 2.000000
8.000000 227.000000 3.000000
11.000000 249.000000 3.000000
25.000000 107.000000 3.000000
33.000000 290.000000 3.000000
42.000000 185.000000 3.000000
44.000000 278.000000 3.000000
52.000000 140.000000 3.000000
53.000000 272.000000 3.000000
106.995477 355.744347 3.000000
111.000000 348.000000 3.000000
139.000000 214.000000 3.000000
193.000000 250.000000 3.000000
212.376689 470.324662 3.000000
215.000000 315.000000 3.000000
217.000000 324.000000 3.000000
227.000000 249.000000 3.000000
236.000000 326.000000 3.000000
241.000000 457.000000 3.000000
264.000000 182.000000 3.000000
317.000000 111.000000 3.000000
336.000000 418.000000 3.000000
339.000000 236.000000 3.000000
399.000000 239.000000 3.000000
404.000000 137.000000 3.000000
424.000000 181.000000 3.000000
449.000000 130.000000 3.000000
466.000000 153.000000 3.000000
468.000000 118.000000 3.000000
486.000000 127.000000 3.000000
499.000000 145.000000 3.000000
150.000000 28.000000 4.000000
160.000000 10.000000 4.000000
196.000000 19.000000 4.000000
210.000000 31.000000 4.000000
444.000000 474.000000 4.000000
454.000000 474.000000 4.000000
466.000000 471.000000 4.000000
499.000000 330.000000 4.000000
