448.604693 196.799639 2.000000
482.900722 167.016245 2.000000
132.043321 177.169675 3.000000
415.211191 167.016245 3.000000
412.503610 195.897112 3.000000
466.655235 139.037906 3.000000
477.485560 100.229242 3.000000
46.842739 66.456309 4.000000
33.151033 67.963899 4.000000
111.736462 169.046931 4.000000
110.382671 144.678700 4.000000
4.335740 171.754513 4.000000
24.642599 211.916968 4.000000
120.761733 20.129964 4.000000
115.797834 14.263538 4.000000
201.537906 4.335740 4.000000
275.996390 5.689531 4.000000
252.981949 150.093863 4.000000
116.474729 394.453069 4.000000
148.063177 421.528881 4.000000
446.709016 204.734973 0.000000
498.621585 200.295082 0.000000
482.569672 388.819672 0.000000
486.668033 376.183060 0.000000
494.523224 399.748634 0.000000
466.859290 350.909836 0.000000
435.780055 321.196721 0.000000
405.383880 244.693989 0.000000
424.851093 255.281421 0.000000
418.703552 222.836066 0.000000
