148.288809 30.057762 2.000000
146.935018 60.743682 2.000000
220.006876 209.642184 2.000000
204.542903 216.466576 2.000000
10.202166 13.361011 3.000000
18.776173 21.032491 3.000000
19.227437 9.299639 3.000000
27.350181 10.202166 3.000000
26.898917 21.483755 3.000000
36.375451 16.519856 3.000000
38.180505 24.642599 3.000000
35.682163 6.834083 3.000000
48.471341 8.936601 3.000000
48.108303 22.837545 3.000000
48.559567 28.252708 3.000000
56.231047 24.642599 3.000000
62.548736 30.509025 3.000000
67.061372 15.617329 3.000000
57.133574 7.494585 3.000000
76.989170 8.397112 3.000000
81.501805 18.324910 3.000000
89.624549 7.494585 3.000000
96.844765 13.812274 3.000000
104.967509 7.945848 3.000000
109.028881 17.422383 3.000000
123.469314 13.812274 3.000000
126.628159 26.898917 3.000000
132.043321 19.227437 3.000000
137.458484 12.007220 3.000000
145.581227 10.202166 3.000000
150.545126 17.422383 3.000000
150.996390 4.335740 3.000000
157.765343 4.335740 3.000000
161.826715 26.447653 3.000000
156.411552 30.509025 3.000000
140.166065 38.631769 3.000000
134.750903 32.314079 3.000000
130.689531 56.231047 3.000000
148.288809 53.072202 3.000000
157.765343 50.364621 3.000000
168.144404 49.462094 3.000000
160.472924 40.888087 3.000000
11.555957 35.472924 3.000000
16.519856 41.790614 3.000000
26.898917 48.559567 3.000000
25.996390 56.231047 3.000000
34.570397 66.158845 3.000000
44.949458 72.025271 3.000000
43.485934 47.449902 0.000000
55.914176 46.535046 0.000000
69.768953 48.108303 3.000000
80.599278 54.425993 3.000000
71.122744 55.779783 3.000000
64.805054 62.548736 3.000000
53.072202 68.866426 3.000000
70.671480 72.025271 3.000000
84.209386 62.548736 3.000000
90.978339 78.342960 3.000000
99.552347 66.158845 3.000000
94.137184 50.815884 3.000000
106.321300 50.815884 3.000000
84.660650 43.595668 3.000000
78.342960 32.314079 3.000000
91.429603 31.411552 3.000000
121.212996 73.830325 3.000000
111.736462 77.891697 3.000000
111.736462 62.548736 3.000000
119.407942 84.209386 3.000000
128.665010 87.600028 0.000000
138.690211 89.612219 0.000000
145.581227 88.722022 3.000000
136.690349 73.293987 0.000000
129.335740 65.707581 3.000000
164.083032 63.451264 3.000000
168.595668 74.281588 3.000000
183.487365 72.927798 3.000000
180.328520 64.805054 3.000000
191.610108 65.707581 3.000000
192.512635 54.425993 3.000000
197.927798 40.436823 3.000000
197.025271 34.570397 3.000000
195.220217 27.801444 3.000000
187.548736 35.021661 3.000000
182.133574 24.642599 3.000000
184.389892 18.776173 3.000000
172.657040 17.873646 3.000000
173.559567 7.494585 3.000000
191.610108 3.884477 3.000000
197.476534 17.422383 3.000000
211.465704 22.837545 3.000000
211.916968 32.765343 3.000000
214.624549 42.670488 3.000000
228.613718 41.339350 3.000000
227.711191 28.252708 3.000000
220.942238 17.422383 3.000000
239.895307 12.909747 3.000000
237.187726 22.837545 3.000000
244.407942 34.119134 3.000000
238.992780 45.400722 3.000000
215.075812 56.231047 3.000000
213.722022 66.158845 3.000000
218.234657 76.989170 3.000000
223.649819 65.256318 3.000000
231.321300 67.512635 3.000000
237.187726 74.281588 3.000000
230.418773 77.891697 3.000000
229.516245 83.758123 3.000000
229.516245 95.490975 3.000000
211.465704 96.844765 3.000000
212.819495 89.624549 3.000000
204.245487 80.148014 3.000000
194.317690 95.490975 3.000000
187.548736 104.064982 3.000000
175.364621 93.234657 3.000000
180.779783 108.577617 3.000000
186.194946 127.530686 3.000000
194.317690 118.956679 3.000000
212.819495 119.407942 3.000000
214.173285 107.223827 3.000000
226.808664 123.469314 3.000000
235.382671 128.884477 3.000000
242.602888 132.043321 3.000000
235.382671 113.992780 3.000000
239.444043 107.223827 3.000000
19.227437 90.527076 3.000000
12.007220 95.942238 3.000000
19.227437 102.711191 3.000000
28.252708 87.368231 3.000000
32.621678 97.207803 3.000000
52.169675 96.393502 3.000000
59.389892 98.198556 3.000000
59.389892 91.880866 3.000000
68.415162 92.332130 3.000000
70.220217 88.270758 3.000000
84.209386 88.270758 3.000000
89.624549 101.357401 3.000000
95.490975 86.465704 3.000000
104.516245 88.270758 3.000000
104.967509 94.137184 3.000000
118.859275 96.490906 0.000000
126.628159 102.259928 3.000000
137.458484 100.003610 3.000000
151.898917 108.577617 3.000000
146.483755 115.797834 3.000000
176.718412 123.018051 3.000000
177.620939 135.653430 3.000000
190.256318 141.068592 3.000000
204.696751 135.202166 3.000000
201.989170 149.642599 3.000000
209.209386 160.021661 3.000000
220.039711 171.754513 3.000000
226.357401 147.386282 3.000000
235.382671 149.642599 3.000000
245.761733 156.862816 3.000000
241.249097 169.498195 3.000000
160.472924 141.971119 3.000000
148.288809 141.971119 3.000000
149.191336 134.299639 3.000000
141.519856 126.628159 3.000000
126.945030 121.298071 0.000000
122.566787 113.090253 3.000000
111.736462 110.382671 3.000000
111.736462 116.249097 3.000000
113.090253 122.115523 3.000000
108.577617 104.967509 3.000000
97.747292 118.505415 3.000000
88.722022 115.346570 3.000000
77.891697 116.700361 3.000000
65.256318 113.090253 3.000000
60.017607 108.302806 3.000000
51.718412 112.187726 3.000000
53.974729 116.700361 3.000000
43.144404 115.346570 3.000000
32.765343 116.700361 3.000000
42.241877 129.335740 3.000000
14.714801 117.151625 3.000000
11.104693 126.176895 3.000000
20.129964 137.007220 3.000000
12.007220 141.519856 3.000000
27.801444 141.519856 3.000000
21.032491 148.740072 3.000000
9.299639 153.252708 3.000000
15.166065 160.924188 3.000000
21.483755 165.888087 3.000000
20.129964 175.364621 3.000000
22.837545 184.841155 3.000000
36.375451 196.574007 3.000000
18.776173 201.537906 3.000000
9.387865 191.423522 3.000000
12.007220 212.368231 3.000000
3.884477 213.270758 3.000000
5.689531 227.711191 3.000000
25.545126 223.649819 3.000000
35.472924 224.101083 3.000000
36.375451 211.465704 3.000000
47.205776 237.187726 3.000000
52.169675 233.577617 3.000000
26.447653 233.577617 3.000000
33.667870 238.992780 3.000000
13.361011 237.638989 3.000000
75.635379 130.238267 3.000000
70.671480 135.653430 3.000000
79.696751 137.458484 3.000000
66.610108 123.018051 3.000000
91.429603 137.007220 3.000000
92.332130 125.725632 3.000000
100.454874 132.043321 3.000000
100.906137 139.263538 3.000000
112.638989 139.263538 3.000000
62.548687 149.382108 3.000000
85.111864 150.735899 3.000000
89.173236 148.930844 3.000000
102.711142 149.382108 3.000000
109.480095 159.309906 3.000000
120.310420 149.833371 3.000000
127.530637 149.833371 3.000000
129.786955 162.017487 3.000000
135.653381 168.786440 3.000000
134.299590 175.104130 3.000000
143.776124 163.822541 3.000000
146.483705 155.248534 3.000000
150.545077 148.930844 3.000000
161.375402 153.443480 3.000000
164.985511 162.468751 3.000000
173.559518 161.114960 3.000000
176.267099 150.284635 3.000000
181.682261 156.602325 3.000000
195.220168 169.688967 3.000000
195.220168 185.031927 3.000000
209.726174 184.580664 3.000000
224.101034 184.129400 3.000000
220.105235 195.410989 3.000000
231.321251 185.031927 3.000000
238.090204 198.118570 3.000000
199.732803 203.533732 3.000000
192.512586 210.753949 3.000000
191.158796 199.923624 3.000000
189.805005 219.327956 3.000000
169.046882 208.046368 3.000000
170.400673 217.071639 3.000000
160.924139 210.302686 3.000000
173.108254 199.472361 3.000000
178.523417 189.093299 3.000000
182.584789 185.031927 3.000000
177.620890 175.555393 3.000000
164.082983 178.262974 3.000000
160.021612 180.970556 3.000000
164.082983 186.836982 3.000000
142.617141 186.739578 0.000000
147.057032 201.020959 0.000000
139.714752 197.667306 3.000000
133.823667 202.850672 0.000000
128.884428 195.862252 3.000000
125.395332 187.134446 3.000000
111.285150 181.873083 3.000000
116.249048 191.800880 3.000000
107.223778 194.508462 3.000000
100.454825 182.775610 3.000000
91.880817 170.140231 3.000000
85.563128 176.909184 3.000000
76.086594 166.078859 3.000000
92.332081 159.309906 3.000000
72.927749 174.201602 3.000000
73.379012 183.678137 3.000000
86.916918 199.472361 3.000000
90.978290 188.642036 3.000000
84.209337 204.436260 3.000000
89.624500 211.656476 3.000000
92.332081 204.887523 3.000000
97.295980 219.327956 3.000000
109.303644 219.448969 3.000000
110.833886 211.205213 3.000000
104.516196 202.631205 3.000000
109.931359 202.631205 3.000000
123.469265 204.436260 3.000000
141.434732 213.912794 0.000000
136.605226 221.023277 0.000000
126.859906 223.486732 0.000000
149.191287 231.060808 3.000000
154.606449 240.537343 3.000000
153.252659 251.367667 3.000000
137.007171 248.208823 3.000000
126.176846 245.049978 3.000000
106.772514 244.147451 3.000000
102.711142 248.208823 3.000000
107.223778 253.623985 3.000000
115.346521 253.172722 3.000000
113.992731 261.295465 3.000000
130.238218 266.710628 3.000000
144.678651 274.382108 3.000000
151.898868 263.551783 3.000000
188.999882 263.075860 0.000000
204.245438 273.930844 3.000000
199.732803 284.309906 3.000000
189.805005 288.822541 3.000000
215.527027 268.515682 3.000000
225.454825 271.223263 3.000000
226.808615 263.551783 3.000000
217.783344 257.685357 3.000000
205.147965 252.721458 3.000000
205.147965 244.598714 3.000000
127.534608 136.184316 3.000000
119.411864 133.476735 3.000000
132.949770 153.332331 3.000000
157.318001 221.924389 3.000000
177.624861 238.169876 3.000000
178.978651 228.242078 3.000000
197.931720 227.790815 3.000000
197.931720 240.426194 3.000000
209.664572 239.072403 3.000000
223.202478 242.682511 3.000000
220.946160 248.548937 3.000000
231.776485 252.159046 3.000000
252.534608 247.195147 3.000000
260.206088 242.231248 3.000000
267.877568 252.159046 3.000000
243.058074 205.678901 3.000000
256.144716 197.104894 3.000000
249.827027 190.335941 3.000000
254.339662 175.895508 3.000000
250.971579 168.851743 3.000000
260.657352 170.480345 3.000000
262.462406 176.346771 3.000000
263.816196 164.162656 3.000000
264.718723 155.588649 3.000000
252.083344 147.014641 3.000000
271.487677 146.112114 3.000000
256.595980 133.476735 3.000000
266.072514 124.902728 3.000000
264.718723 111.364822 3.000000
251.180817 106.852186 3.000000
262.913669 104.144605 3.000000
251.632081 92.411753 3.000000
250.278290 82.483955 3.000000
250.729554 75.715002 3.000000
256.595980 70.751103 3.000000
280.512947 142.050742 3.000000
280.512947 156.491176 3.000000
279.610420 163.711392 3.000000
252.079422 13.361011 3.000000
260.202166 10.202166 3.000000
266.068592 23.740072 3.000000
276.447653 13.361011 3.000000
271.483755 5.689531 3.000000
289.083032 16.971119 3.000000
293.144404 26.447653 3.000000
278.252708 32.765343 3.000000
269.678700 30.057762 3.000000
264.714801 36.375451 3.000000
266.068592 45.400722 3.000000
272.386282 43.144404 3.000000
279.606498 49.913357 3.000000
257.945848 49.462094 3.000000
270.129964 59.389892 3.000000
279.606498 66.158845 3.000000
286.375451 75.184116 3.000000
300.815884 55.779783 3.000000
293.144404 45.851986 3.000000
298.108303 39.534296 3.000000
307.584838 47.657040 3.000000
315.707581 49.010830 3.000000
308.938628 35.472924 3.000000
312.097473 28.703971 3.000000
306.682310 20.581227 3.000000
308.036101 13.361011 3.000000
322.927798 18.776173 3.000000
337.819495 23.740072 3.000000
337.368231 11.104693 3.000000
347.296029 8.848375 3.000000
356.321300 17.873646 3.000000
366.700361 16.068592 3.000000
365.797834 25.996390 3.000000
375.274368 23.740072 3.000000
384.750903 16.971119 3.000000
389.714801 25.093863 3.000000
385.202166 39.534296 3.000000
373.920578 32.314079 3.000000
394.678700 35.924188 3.000000
401.898917 44.046931 3.000000
409.570397 40.888087 3.000000
412.277978 63.902527 3.000000
399.191336 54.425993 3.000000
391.971119 57.133574 3.000000
400.545126 64.805054 3.000000
409.119134 73.830325 3.000000
413.180505 81.953069 3.000000
7.494585 163.631769 4.000000
208.758123 16.519856 4.000000
268.780095 262.086843 4.000000
472.504280 32.062054 0.000000
480.706847 40.977889 0.000000
450.036377 53.460057 0.000000
455.385877 75.927960 0.000000
419.365906 54.173324 0.000000
423.645506 65.585592 0.000000
429.351641 78.424394 0.000000
419.722539 79.494294 0.000000
412.589872 68.795292 0.000000
417.939372 89.480029 0.000000
434.344508 88.053495 0.000000
437.554208 95.542796 0.000000
448.609843 91.976462 0.000000
453.602710 99.822397 0.000000
469.294579 75.571327 0.000000
478.923680 86.626961 0.000000
489.979315 72.004993 0.000000
490.692582 58.096291 0.000000
491.762482 89.480029 0.000000
481.420114 102.318830 0.000000
477.497147 113.731098 0.000000
461.092011 118.010699 0.000000
457.882311 126.569900 0.000000
450.036377 120.863766 0.000000
435.057775 123.003566 0.000000
434.701141 132.632668 0.000000
443.973609 138.695435 0.000000
455.742511 139.765335 0.000000
444.686876 152.960770 0.000000
455.385877 152.960770 0.000000
444.330243 160.806705 0.000000
448.966476 162.589872 0.000000
457.525678 165.442939 0.000000
446.113409 171.149073 0.000000
454.672611 181.134807 0.000000
462.161912 176.141940 0.000000
471.077746 188.980742 0.000000
465.743349 199.815673 0.000000
460.378745 189.337375 0.000000
478.210414 210.022111 0.000000
486.056348 218.581312 0.000000
496.755350 223.930813 0.000000
448.788160 32.775321 0.000000
462.340228 45.614123 0.000000
469.116262 39.907989 0.000000
447.361626 8.524251 0.000000
431.313124 34.915121 0.000000
437.732525 30.278887 0.000000
424.893723 98.395863 0.000000
413.838088 97.682596 0.000000
399.929387 98.039230 0.000000
405.278887 103.388730 0.000000
411.341655 109.451498 0.000000
428.816690 111.947932 0.000000
428.816690 111.947932 0.000000
478.032097 153.674037 0.000000
429.886591 149.037803 0.000000
416.691155 133.702568 0.000000
416.334522 118.723966 0.000000
407.418688 117.654066 0.000000
405.992154 124.786733 0.000000
395.528959 132.291138 0.000000
388.160485 126.926534 0.000000
376.034950 125.856633 0.000000
380.671184 136.555635 0.000000
384.237518 143.331669 0.000000
390.656919 154.743937 0.000000
397.432953 146.898003 0.000000
400.642653 157.953638 0.000000
409.558488 154.387304 0.000000
418.830956 163.303138 0.000000
415.621255 177.568474 0.000000
405.635521 180.064907 0.000000
397.789586 182.561341 0.000000
393.153352 167.226106 0.000000
416.334522 194.686876 0.000000
426.320257 193.616976 0.000000
420.614123 188.980742 0.000000
434.166191 212.518545 0.000000
441.298859 205.385877 0.000000
441.655492 217.868046 0.000000
398.146220 85.913695 0.000000
383.167618 88.053495 0.000000
376.034950 79.137660 0.000000
373.895150 83.773894 0.000000
383.167618 76.284593 0.000000
381.741084 65.585592 0.000000
373.181883 68.795292 0.000000
370.685449 60.949358 0.000000
361.769615 54.529957 0.000000
369.258916 46.684023 0.000000
359.986448 41.334522 0.000000
344.651213 42.761056 0.000000
346.077746 32.062054 0.000000
338.231812 36.698288 0.000000
324.323110 33.131954 0.000000
326.462910 40.621255 0.000000
355.706847 78.424394 0.000000
359.629815 65.585592 0.000000
350.000713 64.515692 0.000000
340.014979 59.522825 0.000000
339.301712 67.012126 0.000000
331.812411 64.515692 0.000000
332.169044 57.383024 0.000000
324.679743 56.669757 0.000000
322.539943 66.298859 0.000000
326.106277 76.284593 0.000000
329.672611 83.773894 0.000000
337.518545 76.641227 0.000000
336.092011 91.619829 0.000000
343.224679 96.969330 0.000000
349.287447 86.270328 0.000000
328.246077 97.682596 0.000000
313.624108 97.325963 0.000000
308.987874 102.318830 0.000000
303.638374 106.598431 0.000000
299.715407 92.333096 0.000000
285.806705 83.417261 0.000000
287.946505 95.186163 0.000000
283.666904 101.248930 0.000000
282.597004 114.444365 0.000000
277.247504 124.073466 0.000000
266.548502 120.150499 0.000000
289.016405 120.507133 0.000000
289.729672 126.213267 0.000000
297.575606 134.415835 0.000000
305.421541 130.492867 0.000000
313.624108 131.206134 0.000000
307.204708 114.444365 0.000000
321.113409 122.646933 0.000000
330.029244 115.514265 0.000000
339.658345 121.220399 0.000000
336.805278 108.738231 0.000000
346.791013 117.654066 0.000000
356.420114 115.514265 0.000000
352.497147 125.500000 0.000000
366.762482 126.213267 0.000000
361.412981 132.276034 0.000000
370.685449 113.374465 0.000000
363.909415 142.975036 0.000000
374.965050 152.247504 0.000000
373.181883 169.722539 0.000000
378.888017 176.141940 0.000000
386.020685 163.303138 0.000000
347.147646 132.632668 0.000000
337.518545 135.485735 0.000000
350.000713 146.541369 0.000000
344.651213 144.044936 0.000000
342.154779 152.604137 0.000000
333.595578 144.401569 0.000000
321.826676 142.261769 0.000000
328.602710 152.960770 0.000000
340.371612 158.666904 0.000000
333.238944 171.505706 0.000000
346.434379 176.141940 0.000000
352.853780 183.274608 0.000000
359.273181 188.624108 0.000000
355.706847 197.896576 0.000000
349.644080 200.393010 0.000000
358.559914 213.588445 0.000000
364.979315 204.672611 0.000000
370.328816 217.511412 0.000000
379.957917 209.665478 0.000000
387.447218 206.812411 0.000000
388.160485 215.371612 0.000000
392.083452 220.364479 0.000000
397.789586 214.301712 0.000000
402.069187 209.308845 0.000000
404.922254 217.868046 0.000000
412.768188 227.853780 0.000000
398.502853 227.497147 0.000000
401.712553 236.056348 0.000000
315.407275 179.004505 0.000000
306.848074 177.934605 0.000000
296.149073 166.522336 0.000000
295.079173 181.857572 0.000000
282.240371 175.081538 0.000000
288.659772 159.389669 0.000000
295.792439 197.549440 0.000000
295.079173 206.108642 0.000000
302.568474 205.038741 0.000000
302.568474 212.171409 0.000000
310.057775 212.528042 0.000000
287.589872 207.891809 0.000000
274.751070 212.171409 0.000000
279.030670 225.723478 0.000000
286.519971 220.373977 0.000000
287.233238 233.926045 0.000000
297.218973 239.632179 0.000000
313.980742 249.617914 0.000000
323.253210 248.191381 0.000000
328.246077 243.555147 0.000000
322.539943 233.569412 0.000000
341.798146 228.933178 0.000000
351.783880 225.723478 0.000000
344.651213 219.660710 0.000000
336.092011 210.744876 0.000000
323.966476 209.674975 0.000000
322.896576 202.542308 0.000000
339.658345 193.983107 0.000000
333.238944 180.787672 0.000000
313.267475 154.040168 0.000000
356.063481 252.827615 0.000000
350.713980 257.107215 0.000000
350.713980 244.268413 0.000000
351.427247 236.065846 0.000000
340.728245 237.849013 0.000000
340.728245 247.121480 0.000000
368.189016 230.359712 0.000000
368.902282 247.121480 0.000000
380.314551 243.555147 0.000000
383.524251 233.569412 0.000000
382.097718 258.533749 0.000000
376.391583 266.736316 0.000000
369.972183 263.169983 0.000000
377.104850 279.931751 0.000000
369.258916 282.071552 0.000000
364.979315 273.512351 0.000000
357.846648 272.799084 0.000000
287.233238 150.830468 0.000000
286.519971 261.386816 0.000000
286.519971 250.687814 0.000000
278.674037 247.478114 0.000000
279.743937 268.519483 0.000000
275.820970 274.938884 0.000000
306.848074 258.890382 0.000000
309.701141 270.302650 0.000000
306.848074 278.861851 0.000000
312.910842 281.001652 0.000000
321.826676 276.008784 0.000000
317.547076 264.239883 0.000000
332.169044 258.533749 0.000000
351.783880 280.288385 0.000000
345.721113 289.917486 0.000000
350.000713 296.336887 0.000000
358.916548 289.917486 0.000000
359.986448 299.546587 0.000000
358.559914 309.888955 0.000000
351.783880 306.322622 0.000000
341.084879 300.259854 0.000000
338.588445 309.888955 0.000000
325.749643 309.175689 0.000000
314.337375 309.888955 0.000000
326.462910 288.134319 0.000000
308.631241 288.134319 0.000000
306.491441 293.127187 0.000000
292.939372 294.910353 0.000000
280.100571 285.637886 0.000000
283.310271 299.903221 0.000000
268.331669 297.406787 0.000000
261.912268 286.707786 0.000000
264.052068 271.729184 0.000000
249.073466 268.876117 0.000000
233.738231 226.436744 0.000000
259.772468 223.583677 0.000000
279.030670 190.585592 0.000000
441.120542 235.164765 0.000000
450.749643 235.878031 0.000000
426.855207 226.962197 0.000000
443.260342 248.716833 0.000000
452.889444 245.150499 0.000000
457.169044 254.779601 0.000000
446.826676 260.129101 0.000000
458.952211 266.191869 0.000000
464.301712 229.815264 0.000000
483.203281 237.661198 0.000000
490.692582 260.129101 0.000000
481.420114 282.597004 0.000000
458.595578 289.373039 0.000000
445.400143 302.568474 0.000000
455.385877 311.484308 0.000000
457.169044 323.609843 0.000000
459.665478 334.665478 0.000000
469.294579 331.455777 0.000000
464.301712 350.713980 0.000000
468.937946 371.755350 0.000000
476.427247 380.671184 0.000000
476.783880 393.866619 0.000000
482.846648 395.649786 0.000000
488.552782 389.943652 0.000000
495.685449 354.280314 0.000000
420.435806 260.326413 0.000000
406.883738 249.627412 0.000000
408.310271 268.528981 0.000000
402.247504 273.878482 0.000000
404.387304 284.934116 0.000000
412.946505 279.227982 0.000000
414.016405 287.430550 0.000000
429.351641 272.451948 0.000000
432.204708 283.150949 0.000000
434.344508 312.751520 0.000000
424.715407 308.471920 0.000000
434.701141 320.954088 0.000000
421.862340 337.359223 0.000000
428.995007 343.065357 0.000000
434.344508 343.778624 0.000000
439.694009 355.904159 0.000000
442.547076 368.386328 0.000000
448.966476 372.309295 0.000000
460.735378 375.518995 0.000000
461.805278 387.644530 0.000000
467.511412 403.336399 0.000000
475.000713 410.112433 0.000000
448.253210 383.008296 0.000000
443.616976 377.302162 0.000000
426.855207 371.596028 0.000000
416.156205 361.610293 0.000000
416.869472 353.407726 0.000000
406.883738 339.855657 0.000000
403.674037 314.534687 0.000000
405.457204 305.618852 0.000000
396.898003 289.926984 0.000000
381.562767 290.283617 0.000000
390.835235 314.891320 0.000000
379.779601 308.828553 0.000000
384.415835 315.961221 0.000000
375.143367 312.038253 0.000000
373.716833 321.667355 0.000000
365.157632 323.093888 0.000000
352.675464 322.737255 0.000000
357.311698 337.002590 0.000000
367.297432 337.002590 0.000000
386.912268 337.002590 0.000000
390.478602 328.800022 0.000000
397.611270 348.771492 0.000000
397.967903 358.043959 0.000000
386.555635 365.176627 0.000000
399.751070 373.379195 0.000000
387.982168 377.658795 0.000000
389.765335 386.931263 0.000000
396.541369 386.574630 0.000000
405.813837 393.350664 0.000000
418.296006 378.372062 0.000000
421.149073 386.217997 0.000000
428.281740 394.777198 0.000000
436.484308 402.623132 0.000000
419.365906 402.979765 0.000000
427.925107 405.476199 0.000000
422.218973 414.035400 0.000000
423.288873 421.524701 0.000000
428.638374 416.888467 0.000000
436.840942 416.175201 0.000000
444.330243 416.531834 0.000000
452.889444 418.315001 0.000000
447.539943 429.370636 0.000000
454.672611 429.370636 0.000000
456.099144 440.426270 0.000000
469.651213 436.146670 0.000000
467.868046 441.852804 0.000000
440.050642 426.160935 0.000000
435.771041 442.209437 0.000000
430.778174 446.845671 0.000000
374.786733 365.157632 0.000000
361.234665 363.017832 0.000000
349.465763 356.955064 0.000000
335.913695 347.682596 0.000000
332.703994 328.424394 0.000000
340.193295 335.557061 0.000000
324.144793 332.703994 0.000000
322.004993 350.179030 0.000000
314.515692 343.046362 0.000000
309.879458 334.843795 0.000000
314.159058 320.578459 0.000000
289.907989 324.501427 0.000000
294.187589 331.634094 0.000000
299.180456 343.402996 0.000000
302.746790 367.654066 0.000000
301.676890 372.290300 0.000000
310.236091 369.793866 0.000000
310.949358 355.885164 0.000000
285.628388 335.557061 0.000000
279.208987 325.214693 0.000000
282.418688 314.159058 0.000000
273.502853 319.151926 0.000000
275.642653 304.886591 0.000000
494.972183 406.527104 0.000000
497.825250 468.224679 0.000000
493.545649 477.497147 0.000000
497.468616 485.699715 0.000000
497.468616 491.762482 0.000000
476.427247 468.224679 0.000000
482.133381 487.839515 0.000000
468.581312 473.217546 0.000000
458.952211 481.420114 0.000000
456.099144 489.979315 0.000000
470.721113 490.692582 0.000000
479.636947 455.742511 0.000000
479.993581 445.756776 0.000000
463.945078 453.959344 0.000000
451.462910 466.441512 0.000000
445.400143 461.092011 0.000000
445.043509 448.609843 0.000000
436.840942 454.672611 0.000000
436.484308 464.658345 0.000000
437.197575 477.140514 0.000000
432.204708 474.287447 0.000000
428.638374 490.692582 0.000000
444.686876 490.692582 0.000000
442.903709 496.398716 0.000000
422.932240 470.364479 0.000000
424.715407 463.945078 0.000000
418.296006 449.323110 0.000000
412.946505 459.665478 0.000000
412.946505 473.930813 0.000000
410.806705 481.776748 0.000000
411.519971 490.335949 0.000000
398.681170 480.706847 0.000000
400.107703 467.154779 0.000000
404.387304 455.385877 0.000000
402.247504 441.477175 0.000000
407.953638 436.127675 0.000000
412.946505 426.498573 0.000000
405.457204 412.589872 0.000000
383.345934 395.828103 0.000000
386.912268 405.813837 0.000000
388.338802 417.226106 0.000000
382.632668 415.442939 0.000000
393.331669 426.141940 0.000000
381.206134 422.218973 0.000000
381.919401 430.064907 0.000000
390.121969 434.701141 0.000000
388.338802 441.477175 0.000000
382.989301 456.455777 0.000000
377.639800 461.092011 0.000000
374.430100 453.602710 0.000000
366.940799 447.183310 0.000000
363.374465 453.602710 0.000000
371.220399 433.274608 0.000000
364.800999 416.156205 0.000000
374.073466 412.233238 0.000000
369.080599 397.254636 0.000000
359.451498 397.611270 0.000000
351.248930 410.093438 0.000000
344.472896 398.681170 0.000000
340.193295 409.023538 0.000000
333.417261 398.324536 0.000000
318.795292 396.541369 0.000000
327.354494 389.052068 0.000000
316.655492 378.353067 0.000000
313.445792 384.059201 0.000000
306.669757 394.401569 0.000000
307.739658 402.960770 0.000000
370.863766 382.989301 0.000000
370.150499 373.360200 0.000000
362.304565 371.933666 0.000000
343.402996 438.980742 0.000000
341.619829 447.183310 0.000000
350.535663 448.966476 0.000000
363.017832 475.000713 0.000000
363.731098 463.231812 0.000000
345.899429 474.287447 0.000000
331.277461 461.448645 0.000000
323.788160 467.154779 0.000000
322.361626 453.959344 0.000000
309.166191 435.771041 0.000000
305.243224 445.043509 0.000000
293.830956 428.281740 0.000000
302.746790 456.812411 0.000000
284.915121 442.547076 0.000000
295.257489 438.624108 0.000000
283.845221 432.917974 0.000000
267.083452 437.910842 0.000000
269.223252 446.113409 0.000000
264.943652 451.106277 0.000000
277.425820 452.532810 0.000000
275.642653 459.308845 0.000000
290.621255 463.945078 0.000000
298.823823 470.364479 0.000000
307.383024 485.343081 0.000000
318.082026 475.357347 0.000000
323.074893 484.629815 0.000000
322.718260 497.825250 0.000000
338.053495 492.119116 0.000000
307.383024 494.972183 0.000000
294.544223 489.622682 0.000000
291.691155 496.042083 0.000000
285.271755 483.916548 0.000000
289.551355 476.070613 0.000000
277.782454 469.294579 0.000000
278.852354 477.853780 0.000000
273.502853 485.343081 0.000000
260.664051 488.196148 0.000000
251.034950 488.552782 0.000000
239.266049 482.490014 0.000000
248.895150 479.636947 0.000000
248.895150 469.651213 0.000000
257.097718 466.441512 0.000000
239.979315 451.462910 0.000000
249.608417 444.686876 0.000000
216.798146 457.169044 0.000000
210.022111 470.721113 0.000000
223.217546 473.574180 0.000000
205.742511 461.092011 0.000000
223.217546 443.973609 0.000000
240.335949 433.631241 0.000000
250.678317 430.778174 0.000000
252.104850 422.575606 0.000000
260.664051 427.211840 0.000000
262.447218 415.442939 0.000000
274.572753 421.149073 0.000000
282.775321 419.009272 0.000000
276.355920 411.519971 0.000000
275.286020 401.177603 0.000000
286.341655 399.037803 0.000000
286.341655 390.121969 0.000000
274.572753 387.268902 0.000000
271.363053 395.114836 0.000000
256.384451 401.177603 0.000000
244.615549 403.317404 0.000000
244.615549 403.317404 0.000000
237.839515 409.380171 0.000000
232.490014 417.226106 0.000000
220.007846 414.729672 0.000000
222.147646 407.240371 0.000000
249.430100 285.069457 0.000000
250.856633 295.768458 0.000000
260.129101 300.404692 0.000000
264.765335 316.453194 0.000000
266.548502 325.369029 0.000000
256.206134 329.648629 0.000000
250.500000 320.019528 0.000000
243.010699 313.600127 0.000000
235.164765 303.614392 0.000000
225.535663 295.411825 0.000000
220.899429 286.495990 0.000000
212.340228 287.922524 0.000000
209.843795 296.838358 0.000000
213.766762 313.956760 0.000000
211.983595 319.662895 0.000000
226.248930 322.159328 0.000000
228.032097 310.390427 0.000000
238.374465 323.229228 0.000000
239.087732 332.858330 0.000000
257.632668 341.417531 0.000000
260.842368 352.473166 0.000000
267.975036 360.675733 0.000000
286.876605 366.738501 0.000000
293.652639 379.933936 0.000000
254.066334 372.444635 0.000000
256.562767 382.073736 0.000000
241.227532 384.570170 0.000000
236.947932 377.080869 0.000000
239.444365 364.242067 0.000000
239.800999 357.466033 0.000000
246.577033 361.389000 0.000000
245.863766 350.333365 0.000000
238.374465 347.123665 0.000000
225.535663 346.410398 0.000000
219.829529 343.557331 0.000000
224.465763 333.928230 0.000000
214.123395 336.424663 0.000000
205.920827 351.046632 0.000000
199.144793 344.983865 0.000000
208.060628 360.675733 0.000000
195.935093 356.396133 0.000000
222.682596 357.822666 0.000000
216.619829 368.521668 0.000000
229.458631 367.095134 0.000000
217.689729 386.353337 0.000000
228.032097 385.996703 0.000000
230.171897 394.555905 0.000000
212.340228 402.758472 0.000000
206.990728 391.702837 0.000000
204.850927 383.143636 0.000000
200.927960 372.444635 0.000000
194.865193 367.451768 0.000000
191.655492 376.010969 0.000000
183.096291 371.018101 0.000000
187.375892 383.856903 0.000000
177.746790 391.346204 0.000000
186.305991 397.765605 0.000000
198.074893 412.030940 0.000000
204.850927 418.450341 0.000000
226.248930 433.785576 0.000000
216.263195 430.932509 0.000000
208.417261 435.212110 0.000000
208.060628 446.267745 0.000000
201.641227 449.477445 0.000000
189.159058 443.058044 0.000000
192.725392 438.778444 0.000000
197.004993 426.296275 0.000000
178.816690 417.380441 0.000000
176.676890 428.079442 0.000000
166.691155 424.156475 0.000000
153.852354 420.946775 0.000000
139.943652 421.303408 0.000000
164.907989 441.274877 0.000000
165.621255 449.120812 0.000000
165.621255 455.183579 0.000000
158.488588 453.757046 0.000000
152.069187 446.624378 0.000000
143.509986 437.708544 0.000000
132.810984 435.568743 0.000000
195.935093 312.370193 0.000000
189.515692 324.495728 0.000000
183.452924 336.264630 0.000000
167.761056 339.117697 0.000000
167.761056 329.488595 0.000000
157.062054 329.845229 0.000000
148.502853 323.782461 0.000000
136.733951 318.432961 0.000000
141.355082 340.278217 0.000000
128.174750 315.936527 0.000000
122.825250 298.461491 0.000000
132.454351 305.237525 0.000000
151.712553 309.160493 0.000000
144.223252 295.965058 0.000000
148.502853 289.545657 0.000000
122.468616 283.126256 0.000000
159.201854 298.104858 0.000000
167.761056 296.321691 0.000000
167.404422 302.741092 0.000000
178.103424 299.888025 0.000000
167.404422 287.762490 0.000000
160.985021 267.791020 0.000000
160.271755 259.231819 0.000000
274.751070 345.893731 0.000000
281.170471 355.166199 0.000000
289.373039 353.739665 0.000000
165.264622 315.407275 0.000000
182.383024 316.833809 0.000000
42.047789 247.290300 0.000000
47.040656 259.059201 0.000000
24.929387 245.507133 0.000000
14.230385 259.059201 0.000000
70.935093 262.982168 0.000000
82.703994 261.912268 0.000000
89.836662 281.527104 0.000000
110.164765 284.380171 0.000000
69.865193 209.487161 0.000000
76.284593 289.373039 0.000000
69.865193 280.813837 0.000000
65.585592 273.681170 0.000000
51.676890 274.394437 0.000000
42.047789 270.471469 0.000000
32.062054 270.828103 0.000000
17.083452 269.758203 0.000000
5.314551 270.471469 0.000000
47.397290 289.729672 0.000000
17.440086 290.086305 0.000000
4.244650 286.519971 0.000000
17.440086 302.211840 0.000000
29.208987 298.645506 0.000000
45.970756 303.995007 0.000000
50.606990 302.211840 0.000000
67.725392 317.547076 0.000000
60.236091 322.183310 0.000000
74.144793 324.679743 0.000000
76.284593 332.525678 0.000000
95.542796 321.470043 0.000000
86.983595 312.554208 0.000000
111.947932 335.022111 0.000000
120.863766 341.084879 0.000000
129.422967 351.427247 0.000000
127.996434 360.343081 0.000000
127.996434 370.328816 0.000000
115.157632 362.482882 0.000000
118.723966 365.692582 0.000000
142.618402 374.251783 0.000000
154.743937 372.468616 0.000000
153.674037 385.307418 0.000000
154.030670 395.649786 0.000000
163.303138 392.440086 0.000000
165.442939 400.642653 0.000000
171.149073 404.565621 0.000000
183.631241 409.201854 0.000000
150.107703 403.852354 0.000000
135.129101 394.223252 0.000000
138.695435 385.664051 0.000000
127.639800 379.601284 0.000000
125.143367 387.803852 0.000000
118.010699 376.034950 0.000000
114.444365 381.027817 0.000000
112.661198 396.719686 0.000000
120.507133 409.558488 0.000000
130.136234 411.698288 0.000000
110.878031 415.264622 0.000000
96.612696 416.691155 0.000000
86.626961 400.642653 0.000000
83.773894 393.866619 0.000000
90.193295 382.810984 0.000000
80.564194 372.825250 0.000000
73.074893 380.314551 0.000000
70.578459 388.873752 0.000000
66.655492 398.502853 0.000000
68.795292 404.565621 0.000000
60.236091 405.992154 0.000000
60.236091 415.621255 0.000000
45.257489 411.698288 0.000000
40.977889 403.139087 0.000000
32.418688 404.922254 0.000000
38.838088 416.691155 0.000000
29.208987 417.404422 0.000000
22.432953 410.628388 0.000000
8.880884 417.761056 0.000000
13.160485 398.502853 0.000000
20.293153 396.006419 0.000000
28.852354 391.013552 0.000000
39.551355 388.517118 0.000000
43.830956 382.810984 0.000000
54.886591 377.104850 0.000000
62.375892 373.895150 0.000000
66.298859 370.328816 0.000000
70.935093 367.119116 0.000000
85.913695 365.692582 0.000000
92.333096 363.909415 0.000000
85.913695 354.636947 0.000000
95.542796 352.497147 0.000000
97.682596 345.721113 0.000000
92.333096 337.161912 0.000000
82.347361 341.084879 0.000000
67.725392 347.504280 0.000000
58.809558 352.853780 0.000000
51.320257 343.224679 0.000000
65.585592 338.945078 0.000000
55.599857 329.315977 0.000000
44.187589 333.595578 0.000000
40.977889 339.301712 0.000000
36.341655 323.253210 0.000000
26.712553 332.882311 0.000000
6.027817 320.043509 0.000000
7.810984 309.701141 0.000000
6.384451 330.029244 0.000000
18.509986 331.812411 0.000000
29.208987 356.776748 0.000000
28.139087 363.909415 0.000000
16.370185 363.909415 0.000000
17.083452 356.420114 0.000000
3.531384 354.280314 0.000000
32.418688 374.608417 0.000000
61.305991 482.133381 0.000000
53.816690 466.798146 0.000000
42.047789 453.959344 0.000000
33.488588 447.539943 0.000000
28.139087 440.050642 0.000000
57.026391 438.267475 0.000000
64.159058 450.036377 0.000000
75.214693 462.875178 0.000000
64.515692 430.064907 0.000000
51.676890 424.358773 0.000000
79.494294 454.672611 0.000000
88.766762 454.315977 0.000000
92.333096 443.973609 0.000000
89.123395 432.917974 0.000000
106.955064 427.925107 0.000000
96.612696 424.715407 0.000000
118.010699 432.204708 0.000000
109.451498 438.624108 0.000000
117.654066 460.022111 0.000000
132.276034 462.875178 0.000000
125.856633 472.504280 0.000000
127.639800 483.559914 0.000000
140.121969 475.713980 0.000000
147.611270 471.791013 0.000000
161.163338 471.077746 0.000000
166.512839 482.133381 0.000000
157.953638 493.189016 0.000000
174.358773 493.902282 0.000000
179.351641 482.133381 0.000000
185.771041 477.140514 0.000000
190.407275 485.699715 0.000000
86.394809 234.789617 0.000000
93.908470 235.814208 0.000000
87.760929 221.811475 0.000000
197.733607 262.795082 0.000000
172.801913 230.008197 0.000000
185.780055 231.374317 0.000000
314.536885 189.707650 0.000000
498.280055 416.825137 0.000000
489.058743 333.150273 0.000000
482.911202 324.953552 0.000000
492.132514 308.560109 0.000000
323.075137 133.013661 0.000000
261.599727 189.366120 0.000000
415.288251 12.112022 0.000000
157.091530 343.054645 0.000000
160.506831 351.592896 0.000000
71.367486 432.535519 0.000000
81.613388 423.314208 0.000000
80.930328 411.360656 0.000000
48.484973 369.352459 0.000000
190.903005 455.759563 0.000000
108.931297 473.177596 0.000000
105.174467 484.448087 0.000000
89.464084 472.836066 0.000000
182.360259 348.860656 0.000000
173.822008 362.180328 0.000000
12.624317 59.926230 0.000000
36.872951 81.101093 0.000000
46.094262 86.224044 0.000000
56.340164 80.076503 0.000000
64.536885 79.051913 0.000000
47.801913 154.871585 0.000000
60.438525 163.068306 0.000000
314.195355 8.355191 0.000000
295.411202 9.379781 0.000000
334.345628 438.000000 0.000000
326.148907 440.390710 0.000000
384.550546 488.887978 0.000000
388.307377 474.885246 0.000000
377.378415 467.713115 0.000000
346.982240 495.035519 0.000000
