7.738546 198.565363 1.000000
8.244137 335.270595 1.000000
2.000000 354.000000 1.000000
7.108839 458.729405 1.000000
6.838244 442.026458 1.000000
6.000000 220.000000 1.000000
6.000000 396.000000 1.000000
7.000000 167.000000 1.000000
14.000000 418.000000 1.000000
15.000000 184.000000 1.000000
18.000000 150.000000 1.000000
25.108839 374.108839 1.000000
22.000000 14.000000 1.000000
23.000000 48.000000 1.000000
28.000000 335.000000 1.000000
30.000000 223.000000 1.000000
37.108839 417.000000 1.000000
33.000000 69.000000 1.000000
41.607820 159.739666 1.000000
34.000000 80.000000 1.000000
43.738546 249.478212 1.000000
46.514732 430.297054 1.000000
40.000000 44.000000 1.000000
43.869273 111.652515 1.000000
38.026458 452.594107 1.000000
43.000000 95.000000 1.000000
44.000000 228.000000 1.000000
45.000000 24.000000 1.000000
45.000000 212.000000 1.000000
46.000000 9.000000 1.000000
48.000000 71.000000 1.000000
33.673482 391.864702 1.000000
45.458809 355.000000 1.000000
51.000000 38.000000 1.000000
52.000000 140.000000 1.000000
58.738546 187.565363 1.000000
46.826817 172.608939 1.000000
57.000000 62.000000 1.000000
57.000000 372.000000 1.000000
58.000000 122.000000 1.000000
59.000000 50.000000 1.000000
59.000000 275.000000 1.000000
68.216759 86.608939 1.000000
63.000000 395.000000 1.000000
65.000000 115.000000 1.000000
67.000000 226.000000 1.000000
68.000000 101.000000 1.000000
68.000000 169.000000 1.000000
70.000000 251.000000 1.000000
75.000000 39.000000 1.000000
75.000000 124.000000 1.000000
75.000000 271.000000 1.000000
75.000000 371.000000 1.000000
69.188214 350.891161 1.000000
74.130727 203.260334 1.000000
80.000000 237.000000 1.000000
88.514732 346.082381 1.000000
81.000000 286.000000 1.000000
74.392180 148.521788 1.000000
85.000000 27.000000 1.000000
80.610304 58.363682 1.000000
93.738546 132.043576 1.000000
89.000000 324.000000 1.000000
91.000000 75.000000 1.000000
93.869273 205.261454 1.000000
96.260334 303.087151 1.000000
101.086032 235.174302 1.000000
93.521788 101.652515 1.000000
94.000000 165.000000 1.000000
95.000000 148.217878 1.000000
97.869273 251.565363 1.000000
102.173183 269.565363 1.000000
98.000000 188.000000 1.000000
104.402703 17.973986 1.000000
99.000000 37.000000 1.000000
99.000000 61.000000 1.000000
99.000000 390.000000 1.000000
101.000000 122.000000 1.000000
104.405893 361.188214 1.000000
106.000000 317.000000 1.000000
103.696090 221.521788 1.000000
109.000000 95.000000 1.000000
118.607820 152.217878 1.000000
114.000000 291.000000 1.000000
111.174302 74.783241 1.000000
120.260334 180.478212 1.000000
115.000000 442.000000 1.000000
116.000000 303.000000 1.000000
124.651395 319.174302 1.000000
119.000000 31.000000 1.000000
119.000000 109.000000 1.000000
119.000000 195.000000 1.000000
120.000000 59.000000 1.000000
112.826817 206.956424 1.000000
121.000000 255.000000 1.000000
127.541191 361.891161 1.000000
124.000000 392.000000 1.000000
122.261454 170.608939 1.000000
134.694971 264.565363 1.000000
129.478212 226.608939 1.000000
137.607820 278.000000 1.000000
130.000000 289.000000 1.000000
131.000000 7.000000 1.000000
131.000000 54.000000 1.000000
117.610058 126.347485 1.000000
132.000000 77.000000 1.000000
132.000000 101.000000 1.000000
121.782321 339.000000 1.000000
138.303910 211.565363 1.000000
139.676488 403.323512 1.000000
134.000000 438.000000 1.000000
132.610304 22.610304 1.000000
137.000000 140.000000 1.000000
137.000000 196.000000 1.000000
136.130727 243.521788 1.000000
139.000000 307.000000 1.000000
153.520668 115.521788 1.000000
143.000000 373.000000 1.000000
149.402703 11.714358 1.000000
144.000000 85.000000 1.000000
145.000000 41.000000 1.000000
145.000000 68.000000 1.000000
145.000000 364.000000 1.000000
144.729405 340.594107 1.000000
149.000000 56.000000 1.000000
155.000000 101.000000 1.000000
157.000000 64.000000 1.000000
158.000000 369.000000 1.000000
165.244137 375.594107 1.000000
163.000000 42.000000 1.000000
172.379435 425.432351 1.000000
169.000000 111.000000 1.000000
169.000000 411.000000 1.000000
173.353114 16.471796 1.000000
175.000000 53.000000 1.000000
176.000000 40.000000 1.000000
177.000000 102.000000 1.000000
177.000000 402.000000 1.000000
178.000000 381.000000 1.000000
181.135298 362.405893 1.000000
181.000000 445.000000 1.000000
182.000000 389.000000 1.000000
185.000000 56.000000 1.000000
198.000000 417.000000 1.000000
199.000000 453.000000 1.000000
214.082381 399.135298 1.000000
207.000000 430.000000 1.000000
216.000000 418.000000 1.000000
214.729405 375.000000 1.000000
218.000000 449.000000 1.000000
226.000000 470.000000 1.000000
226.000000 489.000000 1.000000
240.567649 423.188214 1.000000
244.000000 486.000000 1.000000
247.000000 456.000000 1.000000
249.000000 473.000000 1.000000
255.000000 418.000000 1.000000
255.000000 435.000000 1.000000
265.000000 445.000000 1.000000
270.000000 414.000000 1.000000
281.000000 464.000000 1.000000
291.811786 448.864702 1.000000
285.000000 476.000000 1.000000
286.567649 422.594107 1.000000
298.244137 429.323512 1.000000
300.000000 480.000000 1.000000
313.000000 430.000000 1.000000
313.000000 448.000000 1.000000
321.000000 461.000000 1.000000
315.323512 480.650030 1.000000
328.000000 436.000000 1.000000
339.244137 466.620565 1.000000
334.000000 83.000000 1.000000
334.000000 451.000000 1.000000
338.000000 62.000000 1.000000
339.000000 484.000000 1.000000
340.000000 90.000000 1.000000
352.401798 59.083516 1.000000
343.000000 110.000000 1.000000
352.318282 74.871329 1.000000
352.000000 135.000000 1.000000
358.108839 488.270595 1.000000
357.000000 453.000000 1.000000
358.000000 38.000000 1.000000
359.000000 27.000000 1.000000
359.000000 95.000000 1.000000
353.323512 465.620565 1.000000
360.000000 124.000000 1.000000
362.000000 442.000000 1.000000
365.000000 13.000000 1.000000
365.000000 52.000000 1.000000
365.000000 138.000000 1.000000
367.000000 66.000000 1.000000
368.000000 153.000000 1.000000
372.000000 105.000000 1.000000
373.000000 118.000000 1.000000
374.000000 77.000000 1.000000
376.000000 90.000000 1.000000
378.000000 21.000000 1.000000
379.000000 9.000000 1.000000
379.000000 127.000000 1.000000
379.000000 138.000000 1.000000
373.323512 477.838244 1.000000
379.000000 489.000000 1.000000
382.000000 465.000000 1.000000
390.000000 68.000000 1.000000
390.000000 148.000000 1.000000
393.000000 121.000000 1.000000
394.000000 16.000000 1.000000
395.000000 138.000000 1.000000
396.000000 486.000000 1.000000
397.000000 161.000000 1.000000
403.000000 53.000000 1.000000
406.000000 173.000000 1.000000
403.575625 29.575625 1.000000
410.000000 7.000000 1.000000
410.000000 143.000000 1.000000
417.424375 188.871329 1.000000
416.000000 156.000000 1.000000
416.000000 174.000000 1.000000
426.000000 107.000000 1.000000
426.000000 159.000000 1.000000
422.575625 2.045155 1.000000
429.000000 95.000000 1.000000
429.000000 174.000000 1.000000
434.000000 185.000000 1.000000
441.000000 120.000000 1.000000
442.000000 7.000000 1.000000
442.000000 454.000000 1.000000
443.000000 30.000000 1.000000
444.000000 38.000000 1.000000
454.000000 166.000000 1.000000
455.000000 188.000000 1.000000
458.000000 35.000000 1.000000
458.000000 205.000000 1.000000
459.000000 124.000000 1.000000
462.000000 109.000000 1.000000
466.000000 164.000000 1.000000
468.000000 125.000000 1.000000
477.000000 211.000000 1.000000
480.000000 130.000000 1.000000
481.000000 203.000000 1.000000
482.553047 15.469531 1.000000
483.000000 171.000000 1.000000
484.000000 190.000000 1.000000
495.000000 121.000000 1.000000
495.000000 198.000000 1.000000
499.871329 206.234765 1.000000
179.000000 207.000000 2.000000
181.000000 269.000000 2.000000
184.000000 309.000000 2.000000
191.000000 328.000000 2.000000
195.000000 239.000000 2.000000
199.000000 193.000000 2.000000
204.669914 164.669914 2.000000
208.000000 209.000000 2.000000
212.000000 317.000000 2.000000
212.000000 346.000000 2.000000
214.000000 150.000000 2.000000
216.000000 179.000000 2.000000
221.000000 139.000000 2.000000
224.000000 315.000000 2.000000
230.000000 82.000000 2.000000
230.000000 138.000000 2.000000
232.000000 69.000000 2.000000
232.000000 187.000000 2.000000
233.000000 210.000000 2.000000
240.000000 324.000000 2.000000
242.000000 289.000000 2.000000
243.000000 301.000000 2.000000
247.000000 153.000000 2.000000
250.000000 74.000000 2.000000
253.000000 171.000000 2.000000
254.000000 209.000000 2.000000
255.000000 240.000000 2.000000
256.000000 255.000000 2.000000
263.000000 320.000000 2.000000
266.000000 199.000000 2.000000
267.000000 158.000000 2.000000
269.000000 337.000000 2.000000
278.000000 163.000000 2.000000
279.000000 23.000000 2.000000
279.000000 359.000000 2.000000
280.000000 278.000000 2.000000
280.970329 2.234431 2.000000
293.000000 146.000000 2.000000
294.000000 336.000000 2.000000
296.000000 307.000000 2.000000
297.000000 237.000000 2.000000
297.000000 386.000000 2.000000
299.000000 128.000000 2.000000
301.000000 331.000000 2.000000
306.000000 2.000000 2.000000
311.000000 150.000000 2.000000
311.000000 175.000000 2.000000
312.000000 25.000000 2.000000
312.000000 55.000000 2.000000
318.000000 294.009742 2.000000
318.000000 332.000000 2.000000
319.000000 263.000000 2.000000
323.000000 363.000000 2.000000
331.000000 187.000000 2.000000
334.000000 349.000000 2.000000
334.009742 178.009742 2.000000
336.000000 30.000000 2.000000
341.000000 159.000000 2.000000
345.000000 304.000000 2.000000
348.000000 317.000000 2.000000
350.000000 372.000000 2.000000
355.000000 360.000000 2.000000
366.000000 356.000000 2.000000
368.000000 198.000000 2.000000
369.000000 213.000000 2.000000
377.310601 283.669914 2.000000
376.000000 243.000000 2.000000
381.000000 396.000000 2.000000
383.000000 198.000000 2.000000
386.000000 317.000000 2.000000
390.000000 220.000000 2.000000
405.000000 356.000000 2.000000
405.000000 391.000000 2.000000
407.000000 342.000000 2.000000
409.000000 305.000000 2.000000
412.000000 242.000000 2.000000
421.000000 300.000000 2.000000
422.000000 352.000000 2.000000
425.000000 445.000000 2.000000
428.000000 393.000000 2.000000
429.000000 384.000000 2.000000
434.000000 255.000000 2.000000
434.000000 316.000000 2.000000
434.000000 370.000000 2.000000
436.000000 284.000000 2.000000
439.000000 355.000000 2.000000
439.000000 421.000000 2.000000
440.000000 400.000000 2.000000
442.000000 303.000000 2.000000
445.000000 466.000000 2.000000
455.000000 289.000000 2.000000
457.000000 254.000000 2.000000
467.000000 493.000000 2.000000
469.000000 238.000000 2.000000
469.000000 428.000000 2.000000
474.000000 466.000000 2.000000
475.000000 337.000000 2.000000
480.000000 438.000000 2.000000
483.000000 301.000000 2.000000
483.000000 326.000000 2.000000
489.000000 449.000000 2.000000
489.000000 498.000000 2.000000
490.000000 279.000000 2.000000
491.000000 326.000000 2.000000
492.000000 257.000000 2.000000
495.000000 376.000000 2.000000
498.000000 313.000000 2.000000
500.000000 413.000000 2.000000
500.000000 434.000000 2.000000
86.000000 174.000000 3.000000
196.330086 180.339828 3.000000
204.679657 176.009742 3.000000
210.000000 196.339828 3.000000
219.000000 189.000000 3.000000
252.000000 61.000000 3.000000
256.000000 49.000000 3.000000
266.000000 81.000000 3.000000
281.000000 340.000000 3.000000
282.000000 266.000000 3.000000
287.339828 64.339828 3.000000
295.000000 97.349571 3.000000
300.000000 62.000000 3.000000
310.000000 346.000000 3.000000
312.000000 277.000000 3.000000
326.000000 133.679657 3.000000
326.000000 341.000000 3.000000
350.000000 343.000000 3.000000
352.000000 175.000000 3.000000
352.000000 274.000000 3.000000
377.000000 378.000000 3.000000
390.000000 331.000000 3.000000
403.000000 367.000000 3.000000
417.000000 319.000000 3.000000
419.000000 402.000000 3.000000
421.000000 373.000000 3.000000
431.000000 302.000000 3.000000
435.679657 333.669914 3.000000
444.000000 381.000000 3.000000
448.000000 339.000000 3.000000
448.000000 356.000000 3.000000
448.000000 414.000000 3.000000
450.000000 392.000000 3.000000
450.000000 442.000000 3.000000
459.000000 457.000000 3.000000
462.000000 469.000000 3.000000
462.872405 419.548962 3.000000
465.000000 388.000000 3.000000
467.000000 357.000000 3.000000
467.000000 400.000000 3.000000
475.000000 353.000000 3.000000
481.000000 399.000000 3.000000
483.000000 360.000000 3.000000
491.339828 389.339828 3.000000
33.646886 470.195848 4.000000
62.000000 20.000000 4.000000
377.000000 454.000000 4.000000
488.000000 107.000000 4.000000
