497.115523 86.916968 2.000000
471.393502 75.635379 2.000000
476.808664 139.263538 2.000000
453.806774 19.227437 2.000000
405.972839 75.635379 2.000000
426.730962 94.588448 2.000000
171.963751 14.021513 2.000000
211.029785 67.061372 2.000000
261.747753 50.331834 2.000000
271.884790 41.757827 2.000000
337.834839 44.949458 2.000000
156.411552 130.055781 2.000000
154.606498 187.366250 2.000000
126.176895 171.572026 2.000000
119.407942 218.052171 2.000000
95.490975 207.673109 2.000000
79.696751 251.896936 2.000000
74.732852 215.344590 2.000000
65.256318 233.395131 2.000000
67.512635 251.896936 2.000000
41.339350 223.918597 2.000000
24.642599 250.543146 2.000000
50.815884 266.337369 2.000000
68.866426 300.633398 2.000000
107.675090 294.766972 2.000000
140.166065 306.048561 2.000000
137.007220 270.398741 2.000000
172.657040 252.799463 2.000000
153.252708 218.052171 2.000000
192.963899 199.550366 2.000000
200.635379 173.377081 2.000000
232.675090 166.608127 2.000000
225.454874 195.488994 2.000000
216.429603 223.016070 2.000000
231.772563 266.337369 2.000000
288.180505 225.003610 2.000000
296.754513 268.324910 2.000000
281.862816 267.873646 2.000000
268.324910 280.509025 2.000000
258.848375 238.992780 2.000000
272.386282 177.169675 2.000000
321.122744 309.841155 2.000000
326.086643 278.703971 2.000000
329.245487 339.173285 2.000000
349.101083 309.389892 2.000000
366.249097 316.610108 2.000000
388.361011 322.476534 2.000000
407.777893 59.389892 3.000000
67.487976 10.787822 0.000000
100.454874 24.191336 3.000000
93.685921 34.570397 3.000000
107.675090 51.267148 3.000000
83.306859 47.657040 3.000000
73.379061 47.657040 3.000000
62.548736 44.498195 3.000000
64.805054 58.938628 3.000000
62.561066 70.744225 0.000000
29.155235 55.779783 3.000000
20.129964 65.256318 3.000000
123.920578 49.462094 3.000000
126.628159 39.083032 3.000000
145.129964 58.036101 3.000000
160.472924 60.292419 3.000000
158.667870 30.057762 3.000000
170.851986 26.898917 3.000000
179.425993 24.642599 3.000000
192.076717 68.415162 3.000000
183.502710 86.014440 3.000000
212.923065 101.985116 3.000000
221.860110 71.122744 3.000000
246.228341 66.158845 3.000000
232.239172 78.794224 3.000000
251.643504 87.368231 3.000000
252.546031 99.552347 3.000000
238.105598 103.162455 3.000000
267.888991 80.148014 3.000000
271.950363 70.671480 3.000000
281.426897 84.209386 3.000000
279.621843 94.588448 3.000000
269.242782 93.234657 3.000000
262.473829 102.711191 3.000000
272.852890 107.223827 3.000000
302.623954 101.235338 0.000000
303.990074 91.429603 3.000000
312.564081 98.198556 3.000000
321.708264 94.884861 0.000000
337.383576 100.003610 3.000000
329.712096 77.891697 3.000000
319.333034 71.122744 3.000000
303.990074 72.927798 3.000000
289.098377 70.671480 3.000000
275.560471 52.169675 3.000000
257.058666 39.083032 3.000000
276.011735 34.570397 3.000000
271.950363 24.191336 3.000000
258.412457 19.678700 3.000000
251.643504 23.740072 3.000000
251.643504 7.494585 3.000000
276.011735 10.653430 3.000000
293.159749 22.386282 3.000000
295.867330 15.617329 3.000000
297.221121 4.335740 3.000000
305.343865 16.971119 3.000000
313.885085 9.266852 3.000000
313.917872 19.227437 3.000000
322.040616 3.884477 3.000000
333.175482 11.433894 0.000000
331.065886 23.740072 3.000000
343.713595 21.154554 0.000000
344.030466 31.216745 0.000000
363.459457 18.324910 0.000000
356.239241 8.080241 0.000000
381.350947 41.558817 0.000000
358.592962 42.693141 3.000000
359.495489 49.913357 3.000000
354.982854 61.646209 3.000000
347.750308 80.636267 0.000000
321.589352 62.097473 3.000000
329.712096 35.472924 3.000000
317.527980 30.960289 3.000000
309.405237 44.498195 3.000000
352.726536 110.382671 3.000000
328.809569 112.638989 3.000000
316.625453 111.736462 3.000000
26.898917 16.068592 4.000000
30.960289 24.642599 4.000000
53.072202 16.519856 4.000000
10.653430 59.841155 4.000000
9.299639 41.339350 4.000000
165.888087 51.267148 4.000000
356.129507 23.069342 0.000000
301.282493 31.411552 4.000000
189.159058 324.727231 0.000000
174.893723 325.797131 0.000000
176.676890 338.279299 0.000000
178.460057 350.761468 0.000000
170.614123 358.250769 0.000000
159.915121 373.942638 0.000000
178.460057 370.376304 0.000000
199.144793 390.704406 0.000000
211.270328 393.557474 0.000000
264.052068 378.222238 0.000000
32.062054 432.608829 0.000000
14.230385 396.588857 0.000000
9.594151 370.554620 0.000000
52.746790 350.939785 0.000000
58.096291 449.370598 0.000000
47.397290 443.664464 0.000000
71.648359 475.048201 0.000000
125.856633 489.313536 0.000000
119.437233 462.922666 0.000000
151.534237 470.411967 0.000000
167.939372 471.125234 0.000000
184.344508 463.992566 0.000000
197.896576 494.306404 0.000000
214.301712 488.243636 0.000000
236.056348 488.243636 0.000000
331.990728 494.615549 0.000000
340.193295 470.721113 0.000000
324.858060 473.930813 0.000000
320.578459 461.092011 0.000000
298.467190 415.442939 0.000000
319.508559 410.806705 0.000000
341.263195 448.609843 0.000000
362.661198 468.224679 0.000000
373.003566 481.776748 0.000000
374.073466 457.525678 0.000000
394.758203 290.446500 0.000000
392.618402 278.320965 0.000000
380.136234 269.405131 0.000000
370.150499 257.992863 0.000000
348.752496 247.293861 0.000000
344.116262 238.021393 0.000000
305.599857 161.476758 0.000000
312.375892 171.819126 0.000000
314.159058 160.050224 0.000000
309.166191 151.491023 0.000000
297.397290 118.680752 0.000000
303.460057 131.162920 0.000000
309.166191 120.820552 0.000000
315.585592 127.596586 0.000000
326.284593 129.736387 0.000000
336.626961 125.813419 0.000000
334.843795 147.924689 0.000000
333.773894 163.616558 0.000000
326.997860 164.686458 0.000000
328.067760 174.672193 0.000000
322.718260 181.448227 0.000000
339.123395 186.797728 0.000000
348.752496 192.503862 0.000000
340.906562 169.322692 0.000000
345.542796 161.476758 0.000000
355.528531 166.112992 0.000000
355.885164 154.700723 0.000000
347.325963 139.008855 0.000000
358.024964 130.093020 0.000000
376.569900 154.344090 0.000000
377.283167 141.148655 0.000000
377.283167 161.476758 0.000000
387.982168 169.679325 0.000000
391.548502 155.413990 0.000000
399.394437 149.707856 0.000000
385.129101 178.595160 0.000000
392.975036 193.217128 0.000000
402.604137 196.426829 0.000000
368.367332 187.510994 0.000000
370.507133 194.287029 0.000000
375.500000 205.342663 0.000000
375.500000 213.901865 0.000000
366.940799 210.692164 0.000000
383.702568 220.677899 0.000000
386.199001 228.880467 0.000000
394.044936 245.998869 0.000000
417.141332 254.201437 0.000000
432.917974 255.984604 0.000000
443.260342 254.914703 0.000000
403.674037 170.749225 0.000000
399.394437 177.881893 0.000000
413.659772 162.546658 0.000000
421.862340 170.392592 0.000000
427.568474 180.378327 0.000000
427.925107 162.190024 0.000000
435.057775 170.749225 0.000000
437.554208 156.127257 0.000000
446.158719 166.665968 0.000000
451.819544 179.308427 0.000000
445.043509 189.650795 0.000000
452.176177 195.000295 0.000000
463.945078 186.441094 0.000000
466.084879 177.525260 0.000000
478.923680 186.797728 0.000000
475.357347 202.132963 0.000000
483.916548 207.839097 0.000000
482.846648 217.824832 0.000000
493.902282 224.600866 0.000000
467.154779 213.545231 0.000000
450.749643 209.622264 0.000000
436.484308 221.391166 0.000000
449.323110 235.299867 0.000000
449.323110 235.299867 0.000000
463.945078 234.229967 0.000000
456.099144 259.907571 0.000000
470.364479 250.278469 0.000000
470.364479 263.117271 0.000000
481.420114 250.278469 0.000000
489.266049 250.991736 0.000000
486.769615 241.362635 0.000000
475.713980 233.873334 0.000000
473.217546 222.461066 0.000000
449.323110 271.593843 0.000000
458.952211 276.943344 0.000000
462.875178 289.068879 0.000000
479.993581 294.061746 0.000000
478.923680 280.509678 0.000000
473.574180 271.237210 0.000000
488.909415 285.145912 0.000000
494.615549 313.319949 0.000000
492.119116 319.382717 0.000000
482.490014 322.592417 0.000000
475.357347 318.669450 0.000000
475.357347 305.474015 0.000000
463.945078 301.551047 0.000000
463.588445 326.158751 0.000000
467.511412 340.067453 0.000000
466.798146 354.332788 0.000000
476.070613 365.745056 0.000000
477.497147 351.479721 0.000000
478.567047 335.431219 0.000000
488.552782 343.633786 0.000000
498.181883 331.864885 0.000000
497.468616 347.200120 0.000000
490.335949 401.177603 0.000000
496.398716 413.303138 0.000000
494.258916 436.484308 0.000000
496.042083 453.959344 0.000000
483.916548 484.986448 0.000000
475.713980 494.972183 0.000000
144.796448 5.622951 0.000000
203.881148 5.622951 0.000000
224.714481 34.653005 0.000000
200.465847 17.918033 0.000000
190.219945 48.997268 0.000000
288.239071 105.008197 0.000000
292.337432 112.521858 0.000000
266.381148 433.560109 0.000000
280.725410 442.439891 0.000000
260.575137 422.631148 0.000000
254.086066 417.508197 0.000000
475.739071 168.658641 0.000000
416.312842 188.808914 0.000000
364.741803 172.073941 0.000000
346.299180 181.295253 0.000000
283.116120 139.287056 0.000000
336.394809 219.205089 0.000000
335.028689 204.519296 0.000000
355.520492 234.573941 0.000000
401.285519 269.751537 0.000000
261.218639 116.764154 0.000000
261.901700 124.277815 0.000000
251.655798 113.690383 0.000000
462.077869 415.800546 0.000000
487.351093 426.046448 0.000000
475.397541 405.896175 0.000000
462.077869 386.087432 0.000000
479.495902 387.795082 0.000000
436.121585 333.150273 0.000000
446.709016 341.005464 0.000000
441.927596 311.975410 0.000000
422.801913 341.688525 0.000000
427.241803 372.426230 0.000000
439.536885 378.573770 0.000000
356.545082 329.051913 0.000000
385.233607 446.538251 0.000000
395.137978 456.784153 0.000000
474.372951 482.740437 0.000000
491.790984 485.131148 0.000000
390.356557 34.311475 0.000000
318.379098 137.965847 0.000000
307.620902 127.549180 0.000000
77.857756 4.598361 0.000000
82.980707 135.745902 0.000000
