133.756275 12.719287 2.000000
59.449802 37.818362 2.000000
29.066711 44.753633 2.000000
26.754954 133.591149 2.000000
45.909511 148.452444 2.000000
108.326948 145.480185 2.000000
41.946499 200.301849 2.000000
30.057464 196.008587 2.000000
214.337517 108.822325 2.000000
214.337517 166.946499 2.000000
170.744386 234.647952 2.000000
102.382431 230.200998 2.000000
56.477543 303.516718 2.000000
129.132761 310.121738 2.000000
178.009908 313.093997 2.000000
173.386394 254.969823 2.000000
176.028402 269.170615 2.000000
195.513210 274.454631 2.000000
117.904227 491.629977 2.000000
152.910832 444.404085 2.000000
411.001982 13.379789 2.000000
384.251651 65.559445 2.000000
384.251651 46.074637 2.000000
386.233157 17.342801 2.000000
361.794584 82.071995 2.000000
352.877807 45.414135 2.000000
307.633421 51.358653 2.000000
297.395641 68.531704 2.000000
252.481506 83.392999 2.000000
432.138045 101.226552 2.000000
427.514531 123.683620 2.000000
243.564806 154.370934 2.000000
385.242385 165.072263 2.000000
325.466956 202.060374 2.000000
374.674353 194.134350 2.000000
369.060087 226.168697 2.000000
292.441857 247.304760 2.000000
268.003283 245.653505 2.000000
251.490734 281.320612 2.000000
227.712662 302.456675 2.000000
226.721910 204.702382 2.000000
405.057445 247.304760 2.000000
448.980839 365.882618 2.000000
413.313732 377.441403 2.000000
387.884406 343.755802 2.000000
469.786658 57.303170 2.000000
473.419419 121.702114 2.000000
452.943857 176.854029 2.000000
473.419610 242.920483 2.000000
488.611156 271.322069 2.000000
472.759319 462.435277 2.000000
467.475303 485.883097 2.000000
155.387715 215.163144 2.000000
8.095773 298.386394 2.000000
33.194848 458.628763 2.000000
61.596433 438.153202 2.000000
305.982166 338.252277 2.000000
231.015192 368.635368 2.000000
51.523778 25.929326 3.000000
142.342801 21.966314 3.000000
126.821004 25.268824 3.000000
149.938573 61.596433 3.000000
181.312417 59.945178 3.000000
115.592470 72.164465 3.000000
73.320343 102.877807 3.000000
96.768164 184.119551 3.000000
103.042933 209.879128 3.000000
83.888375 197.990092 3.000000
176.358653 88.346764 3.000000
201.787979 128.637384 3.000000
217.640026 128.307133 3.000000
179.330911 215.823646 3.000000
7.270145 243.411038 3.000000
13.214663 234.164010 3.000000
65.724571 324.983033 3.000000
54.826288 337.862821 3.000000
53.835535 381.326146 3.000000
45.909511 417.323504 3.000000
173.386394 438.459568 3.000000
227.547556 437.799066 3.000000
442.706077 34.515852 3.000000
358.161823 133.921400 3.000000
397.131440 138.214663 3.000000
411.662483 120.050859 3.000000
415.625495 99.575297 3.000000
272.957067 191.054822 3.000000
291.451123 212.441989 3.000000
401.754935 228.150202 3.000000
385.572636 267.450070 3.000000
374.344102 271.082831 3.000000
315.229175 255.230784 3.000000
303.670390 228.150202 3.000000
325.136705 298.163413 3.000000
314.238422 282.971867 3.000000
289.469598 300.805420 3.000000
265.361275 313.024707 3.000000
446.338818 228.150202 3.000000
448.980839 310.730703 3.000000
448.980839 326.582750 3.000000
452.943851 339.792790 3.000000
438.082556 341.444045 3.000000
432.798541 364.891865 3.000000
423.551513 370.836383 3.000000
391.186916 326.582750 3.000000
345.282028 343.095300 3.000000
325.466969 348.049065 3.000000
359.482821 368.194375 3.000000
405.387708 409.806000 3.000000
354.529056 441.840346 3.000000
369.060099 437.547083 3.000000
317.871196 422.025287 3.000000
338.016506 447.784864 3.000000
366.418091 406.173239 3.000000
362.785330 396.265709 3.000000
338.346757 396.265709 3.000000
338.016506 364.561614 3.000000
301.028395 391.311944 3.000000
311.266176 401.879976 3.000000
327.118223 400.228721 3.000000
291.451116 437.547083 3.000000
289.469611 448.775617 3.000000
300.037642 447.454613 3.000000
405.387842 425.963767 3.000000
441.715451 429.926779 3.000000
420.579388 437.192301 3.000000
421.900392 449.411588 3.000000
412.653364 469.887149 3.000000
378.637512 469.887149 3.000000
371.371990 455.686356 3.000000
384.582030 489.371958 3.000000
356.840947 493.334969 3.000000
478.373184 4.793263 3.000000
457.567371 103.868560 3.000000
414.304491 160.341480 3.000000
255.453765 370.947125 3.000000
251.821004 346.508552 3.000000
170.744386 115.427345 4.000000
194.522457 291.957934 4.000000
335.374505 23.287318 4.000000
317.540951 152.745707 4.000000
300.698151 174.212021 4.000000
270.315059 111.464333 4.000000
267.342801 130.949141 4.000000
303.340152 410.796753 4.000000
328.108976 434.244573 4.000000
473.749670 84.053501 4.000000
161.189891 130.281421 0.000000
39.775956 116.620219 0.000000
73.245902 426.046448 0.000000
393.430328 393.259563 0.000000
307.706284 484.106557 0.000000
318.293716 462.248634 0.000000
343.908470 480.691257 0.000000
298.826503 471.469945 0.000000
300.534153 423.655738 0.000000
470.957650 213.956284 0.000000
478.812842 265.868852 0.000000
463.102459 264.844262 0.000000
99.714481 295.923497 0.000000
88.102459 238.204918 0.000000
56.852459 486.838798 0.000000
473.348361 387.795082 0.000000
467.200820 345.445355 0.000000
310.780055 107.057377 0.000000
307.364754 114.912568 0.000000
309.755464 126.866120 0.000000
283.799180 147.357923 0.000000
336.394809 152.139344 0.000000
313.170765 171.948087 0.000000
271.845628 146.674863 0.000000
