14.263538 16.068592 1.000000
30.960289 35.924188 1.000000
31.169527 14.351764 1.000000
45.400722 39.534296 1.000000
63.000000 45.851986 1.000000
78.794224 43.595668 1.000000
74.281588 10.653430 1.000000
104.967509 8.397112 1.000000
143.776173 6.140794 1.000000
161.826715 30.509025 1.000000
185.743682 44.949458 1.000000
188.902527 32.314079 1.000000
194.317690 17.422383 1.000000
180.328520 2.981949 1.000000
175.364621 27.801444 1.000000
200.184116 45.851986 1.000000
142.873646 42.241877 1.000000
138.812274 54.425993 1.000000
119.859206 44.949458 1.000000
126.176895 26.898917 1.000000
57.133574 72.476534 1.000000
6.592058 48.559567 1.000000
17.422383 31.411552 1.000000
195.671480 112.638989 1.000000
180.779783 116.249097 1.000000
172.657040 130.238267 1.000000
189.805054 138.812274 1.000000
202.891697 136.555957 1.000000
207.404332 115.797834 1.000000
160.472924 132.043321 1.000000
146.483755 114.895307 1.000000
131.592058 100.906137 1.000000
123.469314 127.981949 1.000000
117.151625 110.382671 1.000000
100.906137 98.649819 1.000000
98.198556 114.895307 1.000000
115.346570 130.238267 1.000000
104.967509 128.433213 1.000000
99.101083 139.714801 1.000000
103.613718 153.703971 1.000000
118.505415 159.119134 1.000000
138.812274 159.570397 1.000000
142.422383 142.873646 1.000000
157.314079 146.483755 1.000000
160.021661 161.375451 1.000000
188.902527 165.436823 1.000000
198.830325 181.682310 1.000000
207.855596 165.436823 1.000000
178.974729 191.610108 1.000000
158.667870 198.830325 1.000000
135.653430 196.122744 1.000000
118.054152 173.108303 1.000000
93.685921 164.083032 1.000000
91.429603 175.815884 1.000000
101.808664 194.768953 1.000000
125.274368 220.490975 1.000000
129.335740 209.209386 1.000000
150.996390 212.819495 1.000000
160.021661 229.064982 1.000000
154.606498 241.249097 1.000000
132.945848 240.797834 1.000000
107.223827 223.649819 1.000000
109.931408 236.285199 1.000000
7.494585 195.220217 1.000000
8.397112 220.942238 1.000000
14.714801 238.090253 1.000000
228.162455 188.000000 1.000000
222.296029 173.108303 1.000000
230.870036 208.758123 1.000000
247.566787 211.465704 1.000000
132.945848 255.327341 1.000000
161.826715 264.803875 1.000000
180.328520 286.915789 1.000000
159.119134 276.536727 1.000000
187.548736 310.381493 1.000000
164.534296 301.356222 1.000000
141.519856 287.367052 1.000000
205.720291 359.294407 1.000000
203.794224 367.691962 1.000000
205.390040 345.305237 1.000000
172.657040 353.702792 1.000000
164.534296 346.031312 1.000000
153.252708 318.504236 1.000000
128.884477 310.381493 1.000000
113.992780 297.746114 1.000000
94.137184 300.002431 1.000000
102.259928 317.150446 1.000000
123.469314 323.919399 1.000000
152.350181 347.836366 1.000000
202.440433 382.583659 1.000000
196.122744 398.377883 1.000000
190.256318 386.645031 1.000000
182.496612 376.056731 1.000000
173.559567 365.435644 1.000000
171.303249 377.168496 1.000000
146.483755 359.569218 1.000000
125.274368 371.753334 1.000000
142.873646 378.522287 1.000000
134.299639 386.193767 1.000000
150.996390 384.839976 1.000000
148.288809 392.060193 1.000000
155.057762 393.413984 1.000000
155.057762 405.146836 1.000000
191.610108 420.489796 1.000000
169.288957 410.506559 1.000000
152.350181 420.941059 1.000000
123.920578 407.403153 1.000000
111.736462 391.608929 1.000000
101.808664 386.645031 1.000000
106.321300 400.182937 1.000000
109.028881 417.782215 1.000000
108.577617 431.320121 1.000000
85.563177 436.735283 1.000000
68.866426 396.121565 1.000000
72.927798 387.096294 1.000000
84.660650 390.255139 1.000000
81.953069 400.182937 1.000000
78.342960 411.464525 1.000000
70.671480 417.782215 1.000000
68.866426 429.515067 1.000000
78.342960 367.691962 1.000000
95.039711 374.009652 1.000000
61.194946 384.839976 1.000000
49.462094 376.265969 1.000000
49.010830 390.255139 1.000000
36.826715 376.717233 1.000000
33.030021 391.157666 1.000000
35.924188 357.764164 1.000000
39.985560 346.933839 1.000000
53.072202 350.092684 1.000000
65.256318 345.128785 1.000000
54.425993 328.883298 1.000000
70.220217 324.821926 1.000000
65.707581 300.453695 1.000000
77.440433 265.255139 1.000000
63.451264 256.229868 1.000000
58.487365 265.706402 1.000000
52.620939 284.659471 1.000000
23.288809 361.825536 1.000000
16.519856 327.529507 1.000000
17.422383 344.677522 1.000000
8.848375 345.128785 1.000000
18.324910 280.146836 1.000000
14.263538 295.941059 1.000000
7.043321 272.475355 1.000000
11.555957 253.071023 1.000000
287.277880 9.750903 1.000000
315.256220 19.227437 1.000000
307.133476 30.960289 1.000000
312.999902 46.754513 1.000000
270.129866 6.140794 1.000000
260.202068 20.581227 1.000000
263.812176 47.657040 1.000000
253.433115 31.862816 1.000000
257.945750 58.938628 1.000000
284.570299 73.379061 1.000000
284.570299 54.425993 1.000000
287.277880 42.241877 1.000000
272.386184 40.888087 1.000000
303.523368 94.588448 1.000000
284.570299 98.198556 1.000000
268.710502 96.272489 1.000000
257.945750 104.064982 1.000000
274.544141 138.174425 1.000000
258.848277 138.812274 1.000000
295.400624 122.566787 1.000000
289.534198 136.555957 1.000000
289.534198 162.277978 1.000000
338.721924 177.620939 1.000000
341.429505 159.119134 1.000000
317.061274 155.960289 1.000000
376.176797 150.093863 1.000000
354.516147 139.714801 1.000000
361.736364 115.346570 1.000000
387.458386 95.490975 1.000000
400.996292 86.916968 1.000000
410.021563 71.574007 1.000000
414.534198 58.938628 1.000000
433.938530 22.386282 1.000000
419.498097 40.436823 1.000000
331.952971 66.610108 1.000000
361.285101 17.873646 1.000000
335.563079 41.339350 1.000000
414.985462 141.971119 1.000000
434.841057 144.227437 1.000000
424.913259 160.021661 1.000000
425.815786 177.620939 1.000000
410.924090 178.974729 1.000000
417.693043 187.097473 1.000000
432.584739 185.743682 1.000000
444.768855 179.425993 1.000000
404.155137 228.162455 1.000000
391.519758 211.916968 1.000000
374.823007 190.707581 1.000000
347.747194 202.440433 1.000000
342.783295 237.638989 1.000000
357.674992 224.552347 1.000000
367.151526 239.444043 1.000000
291.791594 197.158753 1.000000
281.412533 203.927706 1.000000
282.315060 168.729150 1.000000
284.120114 231.454782 1.000000
325.636360 348.783301 1.000000
265.167045 371.346478 1.000000
303.579885 392.732316 1.000000
338.723002 382.176803 1.000000
373.019031 371.346478 1.000000
386.556937 376.761641 1.000000
367.152605 392.555865 1.000000
401.448634 373.602796 1.000000
390.618309 354.649727 1.000000
403.704952 342.916875 1.000000
422.658020 359.613626 1.000000
422.206757 337.050449 1.000000
450.185096 340.660558 1.000000
437.549717 326.671388 1.000000
449.282569 317.194854 1.000000
429.878237 288.313987 1.000000
455.148995 269.360919 1.000000
419.499175 273.873554 1.000000
394.679681 274.776081 1.000000
403.704952 258.530594 1.000000
416.340331 252.212904 1.000000
438.903508 246.346478 1.000000
415.889067 239.126262 1.000000
344.589428 332.086550 1.000000
340.076793 269.812182 1.000000
333.759103 299.595576 1.000000
272.839212 396.741979 1.000000
262.911414 398.998297 1.000000
269.680367 422.915264 1.000000
266.521522 466.236564 1.000000
275.811471 452.247394 1.000000
279.608165 468.041618 1.000000
298.165409 466.534028 1.000000
413.182172 487.445950 1.000000
410.474591 479.774470 1.000000
410.023328 469.846672 1.000000
388.813941 479.774470 1.000000
398.290476 492.861113 1.000000
425.366288 411.182412 1.000000
452.893364 416.146311 1.000000
455.149681 392.229344 1.000000
439.806721 432.843062 1.000000
449.734519 464.431510 1.000000
447.026938 445.929705 1.000000
431.683977 459.016347 1.000000
495.309097 72.927798 1.000000
488.991407 95.490975 1.000000
482.222454 103.162455 1.000000
472.294656 115.797834 1.000000
488.088880 126.176895 1.000000
481.319927 132.945848 1.000000
472.745920 134.750903 1.000000
462.818122 144.678700 1.000000
477.016530 157.545970 1.000000
462.366858 169.949458 1.000000
493.052779 183.938628 1.000000
469.135811 190.707581 1.000000
493.052779 196.122744 1.000000
490.345198 211.465704 1.000000
483.124981 229.516245 1.000000
461.464331 231.772563 1.000000
492.601515 235.833935 1.000000
462.369751 287.224378 1.000000
488.091772 287.224378 1.000000
488.091772 275.942789 1.000000
463.723541 308.433764 1.000000
473.651339 329.643150 1.000000
466.431123 340.022212 1.000000
479.969029 349.950009 1.000000
482.676610 361.231598 1.000000
483.579137 369.354342 1.000000
480.420292 391.014991 1.000000
476.358921 403.650370 1.000000
459.662170 400.040262 1.000000
476.810184 414.480695 1.000000
477.262085 437.047108 1.000000
470.041868 434.339527 1.000000
467.334287 451.938805 1.000000
481.774720 451.487542 1.000000
473.651977 478.112090 1.000000
462.370388 470.891874 1.000000
487.641146 461.415339 1.000000
468.688078 496.162632 1.000000
458.760280 494.808841 1.000000
73.830325 115.797834 2.000000
43.870480 142.301370 2.000000
60.292419 190.707581 2.000000
70.671480 189.805054 2.000000
455.146642 32.765343 2.000000
457.402959 63.451264 2.000000
438.449891 63.902527 2.000000
492.150252 36.826715 2.000000
482.222454 6.592058 2.000000
10.653430 8.397112 3.000000
67.061372 120.761733 3.000000
44.046931 171.303249 3.000000
50.694872 188.990753 3.000000
219.137184 91.880866 3.000000
168.595668 338.359832 3.000000
133.397112 336.554778 3.000000
151.898917 367.240698 3.000000
81.501805 378.071023 3.000000
337.368133 144.678700 3.000000
266.520836 352.393410 3.000000
314.751282 421.473248 3.000000
270.582894 442.803646 3.000000
302.831844 482.449264 3.000000
311.647876 450.893603 3.000000
328.553866 482.988754 3.000000
322.026938 496.922484 3.000000
24.191336 112.638989 4.000000
165.260371 317.359684 4.000000
315.707483 122.115523 4.000000
298.560547 350.588356 4.000000
289.084013 301.851893 4.000000
303.975710 281.545034 4.000000
306.683291 317.194854 4.000000
280.510006 321.256226 4.000000
294.499175 336.147922 4.000000
280.961269 348.783301 4.000000
269.228417 337.501713 4.000000
322.928778 328.476442 4.000000
286.772256 372.006980 4.000000
248.922244 482.030788 4.000000
153.708825 498.830597 4.000000
145.581227 330.237088 4.000000
159.449385 370.036506 4.000000
119.859206 355.507846 4.000000
178.072202 419.466256 4.000000
300.067059 178.369667 4.000000
379.335642 126.176895 4.000000
433.487267 213.722022 4.000000
401.898819 199.281588 4.000000
245.311450 244.090161 4.000000
255.360260 259.939824 4.000000
351.423955 306.750219 4.000000
283.097261 419.216930 4.000000
392.875313 450.893603 4.000000
36.531421 322.221311 0.000000
373.963115 429.461749 0.000000
364.741803 426.729508 0.000000
354.837432 422.972678 0.000000
366.107923 411.702186 0.000000
368.157104 400.090164 0.000000
386.941257 402.822404 0.000000
346.982240 411.360656 0.000000
334.004098 413.751366 0.000000
345.274590 433.901639 0.000000
327.173497 97.494536 0.000000
98.006831 283.628415 0.000000
