460.337545 149.868231 1.000000
470.265343 116.474729 1.000000
473.496931 76.341243 1.000000
445.897112 98.424188 1.000000
437.774368 139.037906 1.000000
409.796029 135.427798 1.000000
433.261733 172.431408 1.000000
417.016245 181.456679 1.000000
395.355596 156.185921 1.000000
391.745487 175.138989 1.000000
414.308664 204.922383 1.000000
436.871841 210.337545 1.000000
465.752708 204.019856 1.000000
467.557762 185.969314 1.000000
436.871841 261.781588 1.000000
425.138989 278.929603 1.000000
385.427798 254.561372 1.000000
397.160650 242.828520 1.000000
397.160650 212.142599 1.000000
379.110108 190.481949 1.000000
360.157040 196.799639 1.000000
362.864621 211.240072 1.000000
339.398917 201.312274 1.000000
341.740309 228.193279 0.000000
330.373646 219.362816 1.000000
354.741877 242.828520 1.000000
358.351986 286.149819 1.000000
312.323105 300.590253 1.000000
277.124549 259.074007 1.000000
277.124549 230.193141 1.000000
301.492780 211.240072 1.000000
293.370036 179.651625 1.000000
265.391697 205.824910 1.000000
269.001805 155.283394 1.000000
244.633574 148.063177 1.000000
287.052347 119.517057 1.000000
344.814079 96.619134 1.000000
362.908395 73.153430 1.000000
373.316425 35.291067 1.000000
338.496390 37.052347 1.000000
304.200361 28.929603 1.000000
303.297834 56.005415 1.000000
282.539711 62.323105 1.000000
293.370036 88.496390 1.000000
277.124549 83.983755 1.000000
274.416968 105.644404 1.000000
259.976534 109.254513 1.000000
236.510830 113.767148 1.000000
271.563900 129.110108 1.000000
209.435018 111.059567 1.000000
213.947653 77.666065 1.000000
241.023466 68.640794 1.000000
239.218412 93.009025 1.000000
236.510830 53.297834 1.000000
259.976534 62.323105 1.000000
255.463899 43.370036 1.000000
152.808847 180.554152 1.000000
182.359206 177.846570 1.000000
182.359206 166.113718 1.000000
190.481949 172.431408 1.000000
206.727437 146.258123 1.000000
220.265343 208.532491 1.000000
225.680505 227.485560 1.000000
195.897112 232.900722 1.000000
195.897112 265.391697 1.000000
225.680505 259.976534 1.000000
209.435018 287.052347 1.000000
185.066787 286.149819 1.000000
122.792419 281.637184 1.000000
111.059567 292.467509 1.000000
93.009025 281.637184 1.000000
60.518051 290.662455 1.000000
83.983755 298.785199 1.000000
65.933213 260.879061 1.000000
54.200361 223.875451 1.000000
59.615523 202.214801 1.000000
46.077617 188.676895 1.000000
83.983755 204.922383 1.000000
81.276173 222.972924 1.000000
107.449458 197.702166 1.000000
75.861011 106.546931 1.000000
87.593863 86.691336 1.000000
87.593863 102.034296 1.000000
65.933213 71.348375 1.000000
56.005415 93.009025 1.000000
53.297834 108.351986 1.000000
80.373646 59.615523 1.000000
75.861011 41.564982 1.000000
135.427798 53.297834 1.000000
135.427798 17.196751 1.000000
172.096662 26.367507 1.000000
206.159656 52.118498 1.000000
252.756318 14.489170 1.000000
327.666065 241.474729 1.000000
404.380866 282.088448 1.000000
285.247292 326.312274 1.000000
298.785199 308.261733 1.000000
282.539711 301.041516 1.000000
285.247292 344.362816 1.000000
285.247292 370.536101 1.000000
270.806859 386.781588 1.000000
282.539711 417.467509 1.000000
269.001805 456.276173 1.000000
201.312274 470.716606 1.000000
228.388087 385.879061 1.000000
241.925993 403.027076 1.000000
224.777978 362.413357 1.000000
177.620939 334.660650 1.000000
177.620939 308.938628 1.000000
188.000000 301.267148 1.000000
132.945848 300.815884 1.000000
141.068592 319.768953 1.000000
104.516245 331.501805 1.000000
90.075812 316.610108 1.000000
103.613718 354.064982 1.000000
127.530686 356.772563 1.000000
78.342960 357.675090 1.000000
147.386282 372.115523 1.000000
153.252708 358.126354 1.000000
162.277978 391.519856 1.000000
196.574007 391.971119 1.000000
173.559567 458.758123 1.000000
164.083032 473.198556 1.000000
180.328520 487.187726 1.000000
141.068592 474.101083 1.000000
128.433213 454.696751 1.000000
115.346570 445.671480 1.000000
129.787004 429.877256 1.000000
113.992780 431.682310 1.000000
116.700361 413.631769 1.000000
113.279513 385.231134 1.000000
137.909747 395.129964 1.000000
143.776173 412.729242 1.000000
92.783394 386.555957 1.000000
64.353791 380.238267 1.000000
67.061372 412.277978 1.000000
66.158845 439.805054 1.000000
98.649819 447.025271 1.000000
79.696751 478.162455 1.000000
86.014440 452.440433 1.000000
193.415162 498.920578 1.000000
83.758123 495.761733 1.000000
46.303249 483.126354 1.000000
34.119134 467.332130 1.000000
33.216606 449.732852 1.000000
368.279783 335.337545 2.000000
488.148511 329.543862 2.000000
477.485560 347.951037 2.000000
447.702166 329.922383 2.000000
445.897112 302.846570 2.000000
467.557762 306.456679 2.000000
486.510830 385.879061 2.000000
492.828520 365.120939 2.000000
481.095668 360.608303 2.000000
436.871841 408.442238 2.000000
454.922383 397.611913 2.000000
422.431408 436.420578 2.000000
377.305054 449.055957 2.000000
358.351986 439.128159 2.000000
379.968861 355.549774 2.000000
392.436867 347.929150 2.000000
384.525271 393.099278 2.000000
342.106498 366.023466 2.000000
342.106498 331.727437 2.000000
317.738267 341.655235 2.000000
301.492780 342.557762 2.000000
304.200361 447.250903 2.000000
306.907942 476.131769 2.000000
126.402527 192.287004 3.000000
465.752708 343.460289 3.000000
492.806633 271.804016 3.000000
485.630190 254.488629 3.000000
461.240072 363.315884 3.000000
453.117329 374.146209 3.000000
431.456679 373.243682 3.000000
478.388087 419.272563 3.000000
468.460289 459.886282 3.000000
485.419043 491.663990 3.000000
489.218412 498.694946 3.000000
443.189531 477.747563 3.000000
356.925452 415.895490 3.000000
358.351986 400.319495 3.000000
328.568592 125.500000 4.000000
292.467509 36.149819 4.000000
173.333935 231.998195 4.000000
131.476776 228.983607 0.000000
116.449454 218.737705 0.000000
130.452186 210.882514 0.000000
143.430328 121.401639 0.000000
42.678962 60.267760 0.000000
18.430328 69.830601 0.000000
34.482240 121.743169 0.000000
36.872951 105.008197 0.000000
9.550546 128.915301 0.000000
6.476776 113.887978 0.000000
7.159836 91.346995 0.000000
4.086066 141.551913 0.000000
23.894809 126.524590 0.000000
13.648907 181.169399 0.000000
43.020492 156.920765 0.000000
23.894809 290.117486 0.000000
11.599727 297.972678 0.000000
13.648907 310.267760 0.000000
19.113388 327.685792 0.000000
17.747268 346.469945 0.000000
35.848361 307.193989 0.000000
37.897541 370.035519 0.000000
35.506831 381.989071 0.000000
40.629781 419.215847 0.000000
23.553279 404.530055 0.000000
22.528689 428.095628 0.000000
18.430328 414.434426 0.000000
4.427596 259.038251 0.000000
351.763661 133.696721 0.000000
355.862022 155.554645 0.000000
412.897541 4.256831 0.000000
405.725410 21.333333 0.000000
376.012295 9.721311 0.000000
468.225410 65.049180 0.000000
496.743169 117.303279 0.000000
144.796448 79.051913 0.000000
192.610656 132.672131 0.000000
169.386612 84.174863 0.000000
370.889344 181.169399 0.000000
