78.000000 469.000000 2.000000
80.000000 412.000000 2.000000
98.000000 130.000000 2.000000
99.000000 446.000000 2.000000
101.000000 101.000000 2.000000
101.000000 202.000000 2.000000
101.000000 458.000000 2.000000
102.000000 84.000000 2.000000
113.000000 316.000000 2.000000
115.000000 468.000000 2.000000
125.000000 291.000000 2.000000
127.000000 299.000000 2.000000
155.000000 360.000000 2.000000
157.000000 12.000000 2.000000
158.000000 290.000000 2.000000
173.000000 338.000000 2.000000
176.000000 474.000000 2.000000
186.000000 495.000000 2.000000
193.000000 95.009742 2.000000
199.000000 338.000000 2.000000
205.000000 449.000000 2.000000
205.000000 461.000000 2.000000
214.000000 361.000000 2.000000
227.000000 473.000000 2.000000
237.000000 435.000000 2.000000
244.000000 498.000000 2.000000
246.000000 290.000000 2.000000
249.000000 375.000000 2.000000
265.000000 105.000000 2.000000
267.000000 2.000000 2.000000
271.000000 479.000000 2.000000
272.000000 434.000000 2.000000
279.000000 422.000000 2.000000
285.000000 409.000000 2.000000
296.000000 460.000000 2.000000
301.000000 37.000000 2.000000
302.000000 288.000000 2.000000
306.000000 424.000000 2.000000
308.000000 385.000000 2.000000
327.000000 24.000000 2.000000
328.000000 342.000000 2.000000
338.000000 370.000000 2.000000
341.000000 396.000000 2.000000
344.000000 29.000000 2.000000
357.000000 341.000000 2.000000
365.000000 408.000000 2.000000
371.000000 391.000000 2.000000
374.000000 305.000000 2.000000
380.000000 392.000000 2.000000
404.000000 71.000000 2.000000
404.000000 269.000000 2.000000
405.000000 353.000000 2.000000
412.000000 233.000000 2.000000
428.000000 332.000000 2.000000
438.000000 196.000000 2.000000
445.000000 271.000000 2.000000
467.000000 303.000000 2.000000
474.000000 264.000000 2.000000
490.000000 285.000000 2.000000
499.000000 141.000000 2.000000
28.000000 45.000000 3.000000
39.000000 155.000000 3.000000
55.000000 241.000000 3.000000
79.000000 421.000000 3.000000
103.000000 148.995477 3.000000
175.339828 255.669914 3.000000
200.000000 393.000000 3.000000
245.000000 84.000000 3.000000
264.000000 247.000000 3.000000
265.000000 454.000000 3.000000
276.000000 242.000000 3.000000
423.000000 198.000000 3.000000
444.000000 163.000000 3.000000
460.000000 319.000000 3.000000
482.000000 29.000000 3.000000
493.000000 164.000000 3.000000
255.000000 61.000000 4.000000
256.000000 74.000000 4.000000
280.000000 77.000000 4.000000
286.000000 64.000000 4.000000
304.000000 52.000000 4.000000
309.000000 74.000000 4.000000
324.000000 37.000000 4.000000
334.000000 74.000000 4.000000
361.000000 64.000000 4.000000
