487.751805 27.011733 2.000000
494.069495 11.217509 2.000000
477.372744 6.479242 2.000000
460.297472 65.252616 2.000000
436.628024 18.022834 2.000000
368.505415 36.375451 2.000000
427.620939 78.794224 2.000000
442.963899 92.783394 2.000000
461.109071 160.021661 2.000000
376.700902 91.858979 2.000000
336.443817 45.946616 2.000000
389.358168 75.970125 2.000000
483.392059 54.087545 3.000000
491.099910 68.455235 3.000000
497.453971 80.937726 3.000000
470.378159 93.573105 3.000000
469.701264 72.363718 3.000000
458.870939 84.096570 3.000000
447.814982 66.948556 3.000000
441.948556 63.338448 3.000000
431.569495 54.291290 3.000000
445.107401 43.482852 3.000000
452.101986 34.457581 3.000000
425.026173 15.504513 3.000000
422.769856 26.786101 3.000000
418.257220 38.293321 3.000000
425.703069 38.744585 3.000000
422.354964 55.950858 3.000000
419.611011 68.979242 3.000000
408.780686 55.892599 3.000000
395.017148 56.118231 3.000000
401.109206 32.201264 3.000000
392.986462 32.878159 3.000000
397.950361 21.596570 3.000000
396.334567 11.668773 3.000000
391.407040 3.997292 3.000000
380.238267 18.324910 3.000000
378.884477 4.787004 3.000000
377.981949 29.155235 3.000000
380.689531 42.693141 3.000000
352.259928 26.447653 3.000000
359.028881 17.873646 3.000000
350.454874 9.750903 3.000000
336.014440 14.263538 3.000000
326.989170 6.140794 3.000000
403.703971 72.927798 3.000000
463.270758 101.808664 3.000000
465.978339 115.346570 3.000000
475.906137 110.382671 3.000000
476.808664 123.920578 3.000000
485.833935 114.895307 3.000000
485.833935 133.848375 3.000000
494.859206 122.566787 3.000000
487.638989 149.693455 3.000000
486.285199 155.509025 3.000000
493.862049 160.946075 3.000000
471.393502 164.083032 3.000000
468.685921 157.314079 3.000000
458.758123 153.252708 3.000000
447.927798 149.191336 3.000000
450.184116 158.216606 3.000000
457.404332 136.104693 3.000000
448.830325 114.444043 3.000000
451.989170 127.530686 3.000000
422.940930 127.385200 3.000000
432.133574 116.700361 3.000000
433.487365 105.418773 3.000000
423.559567 102.259928 3.000000
418.144404 86.014440 3.000000
402.350181 86.014440 3.000000
396.483755 87.819495 3.000000
402.350181 111.736462 3.000000
407.765343 118.956679 3.000000
408.667870 144.678700 3.000000
424.010830 151.447653 3.000000
411.375451 159.119134 3.000000
401.898917 151.447653 3.000000
391.519856 138.812274 3.000000
384.183122 137.742374 3.000000
387.458484 132.494585 3.000000
377.981949 124.823105 3.000000
382.043321 111.736462 3.000000
369.859206 112.638989 3.000000
363.090253 114.895307 3.000000
365.797834 102.711191 3.000000
359.028881 91.880866 3.000000
350.956993 88.008755 3.000000
354.516245 81.953069 3.000000
363.090253 84.660650 3.000000
371.212996 74.732852 3.000000
349.552347 75.184116 3.000000
342.142870 64.710424 3.000000
349.552347 58.938628 3.000000
350.906137 44.046931 3.000000
364.444043 59.389892 3.000000
370.761733 48.559567 3.000000
329.696751 33.216606 3.000000
322.927798 45.851986 3.000000
328.342960 60.292419 3.000000
322.183310 18.866619 0.000000
306.134807 11.377318 0.000000
307.561341 21.719686 0.000000
305.064907 3.174750 0.000000
294.722539 6.027817 0.000000
289.729672 29.565621 0.000000
286.519971 18.153352 0.000000
279.030670 12.090585 0.000000
280.457204 25.999287 0.000000
276.177603 19.579886 0.000000
301.855207 39.907989 0.000000
308.274608 53.103424 0.000000
300.428673 48.110556 0.000000
313.267475 62.732525 0.000000
321.470043 72.004993 0.000000
319.686876 86.626961 0.000000
331.099144 110.164765 0.000000
331.455777 116.584165 0.000000
316.833809 98.395863 0.000000
310.771041 94.116262 0.000000
291.512839 86.983595 0.000000
298.288873 75.214693 0.000000
287.589872 74.858060 0.000000
305.421541 67.725392 0.000000
285.806705 63.445792 0.000000
288.659772 53.460057 0.000000
295.792439 58.452924 0.000000
280.100571 43.830956 0.000000
274.037803 55.956491 0.000000
255.849501 49.180456 0.000000
250.143367 44.187589 0.000000
266.548502 33.845221 0.000000
255.849501 12.447218 0.000000
239.444365 20.293153 0.000000
242.654066 6.384451 0.000000
224.465763 6.027817 0.000000
209.843795 6.027817 0.000000
199.858060 14.230385 0.000000
210.557061 23.502853 0.000000
223.395863 32.062054 0.000000
198.788160 30.635521 0.000000
185.949358 19.579886 0.000000
182.026391 11.020685 0.000000
269.044936 75.927960 0.000000
274.394437 65.942225 0.000000
274.394437 88.410128 0.000000
285.093438 95.899429 0.000000
305.421541 96.612696 0.000000
299.002140 103.032097 0.000000
307.204708 106.598431 0.000000
312.197575 113.731098 0.000000
320.756776 119.793866 0.000000
323.253210 129.422967 0.000000
336.448645 132.632668 0.000000
338.945078 125.856633 0.000000
349.287447 125.856633 0.000000
351.070613 139.052068 0.000000
359.273181 142.261769 0.000000
355.350214 150.107703 0.000000
364.622682 154.743937 0.000000
345.364479 146.184736 0.000000
377.104850 162.589872 0.000000
371.042083 166.869472 0.000000
391.726819 171.149073 0.000000
398.146220 181.134807 0.000000
390.300285 183.631241 0.000000
381.384451 179.708274 0.000000
462.518545 178.638374 0.000000
435.414408 169.009272 0.000000
425.072040 170.079173 0.000000
437.197575 185.057775 0.000000
475.357347 179.351641 0.000000
477.497147 190.407275 0.000000
467.154779 193.260342 0.000000
488.552782 192.547076 0.000000
491.049215 201.106277 0.000000
483.559914 203.246077 0.000000
486.056348 210.735378 0.000000
491.049215 217.868046 0.000000
492.119116 230.706847 0.000000
475.000713 208.595578 0.000000
470.721113 221.791013 0.000000
456.455777 204.315977 0.000000
440.050642 207.169044 0.000000
446.826676 195.043509 0.000000
428.281740 191.120542 0.000000
420.435806 200.036377 0.000000
404.387304 195.400143 0.000000
398.681170 201.462910 0.000000
405.457204 212.875178 0.000000
396.184736 215.014979 0.000000
400.464337 225.000713 0.000000
414.373039 227.853780 0.000000
428.281740 217.868046 0.000000
451.106277 219.294579 0.000000
450.393010 234.273181 0.000000
463.588445 240.692582 0.000000
437.554208 155.457204 0.000000
494.258916 254.071320 0.000000
484.986448 264.057055 0.000000
477.140514 272.259622 0.000000
469.294579 257.994287 0.000000
464.301712 264.770321 0.000000
457.169044 249.791719 0.000000
455.742511 257.994287 0.000000
440.763909 243.728952 0.000000
444.330243 256.211120 0.000000
430.421541 252.644787 0.000000
422.218973 237.666185 0.000000
400.464337 239.449351 0.000000
409.023538 258.707554 0.000000
422.932240 262.987155 0.000000
434.344508 265.483588 0.000000
441.477175 277.252490 0.000000
437.554208 287.594858 0.000000
428.995007 279.392290 0.000000
417.226106 274.399423 0.000000
470.721113 281.888724 0.000000
470.364479 274.042789 0.000000
479.280314 285.455058 0.000000
484.986448 278.322390 0.000000
489.979315 275.112690 0.000000
497.825250 280.818824 0.000000
487.482882 295.440792 0.000000
476.427247 300.077026 0.000000
470.007846 292.231092 0.000000
449.679743 292.231092 0.000000
455.385877 303.643360 0.000000
481.420114 309.706127 0.000000
491.405849 317.552062 0.000000
498.538516 333.957197 0.000000
483.203281 335.740364 0.000000
492.119116 356.425100 0.000000
476.783880 359.991434 0.000000
471.434379 344.656199 0.000000
466.441512 339.306698 0.000000
468.937946 327.181163 0.000000
454.315977 328.607697 0.000000
446.113409 310.776028 0.000000
437.910842 302.216826 0.000000
426.498573 292.587725 0.000000
419.722539 301.860193 0.000000
428.995007 308.279594 0.000000
408.310271 304.713260 0.000000
401.890870 290.804558 0.000000
402.960770 282.958624 0.000000
400.107703 269.406555 0.000000
398.324536 257.994287 0.000000
395.471469 249.078453 0.000000
388.695435 255.497854 0.000000
391.548502 267.980022 0.000000
393.331669 277.965757 0.000000
390.121969 285.811691 0.000000
390.121969 294.014259 0.000000
385.485735 303.286727 0.000000
383.345934 319.691862 0.000000
386.199001 334.313831 0.000000
409.023538 319.691862 0.000000
417.226106 333.243931 0.000000
417.226106 345.726099 0.000000
431.134807 340.376598 0.000000
449.323110 346.439366 0.000000
445.756776 336.810264 0.000000
453.602710 356.425100 0.000000
463.588445 360.704701 0.000000
470.721113 369.620535 0.000000
481.776748 370.690436 0.000000
473.930813 381.746070 0.000000
467.868046 394.941505 0.000000
462.518545 381.389437 0.000000
455.385877 386.738938 0.000000
449.679743 391.375172 0.000000
437.554208 376.396570 0.000000
437.554208 358.921534 0.000000
413.659772 358.208267 0.000000
411.519971 365.697568 0.000000
426.855207 369.620535 0.000000
419.009272 374.970036 0.000000
417.939372 386.025671 0.000000
425.428673 384.955771 0.000000
426.498573 403.144073 0.000000
441.120542 413.486441 0.000000
450.393010 413.129808 0.000000
454.672611 399.577739 0.000000
463.945078 419.192575 0.000000
476.070613 419.905842 0.000000
491.049215 420.975742 0.000000
477.853780 404.213973 0.000000
423.645506 420.619109 0.000000
413.303138 419.192575 0.000000
389.408702 352.502133 0.000000
379.066334 349.649066 0.000000
386.555635 363.201135 0.000000
397.254636 376.396570 0.000000
389.052068 388.878738 0.000000
380.849501 376.396570 0.000000
394.401569 414.199708 0.000000
387.625535 403.857340 0.000000
379.066334 408.136941 0.000000
374.430100 415.269608 0.000000
391.191869 425.611976 0.000000
379.066334 396.368039 0.000000
369.437233 389.592005 0.000000
414.373039 430.064907 0.000000
427.568474 439.694009 0.000000
433.987874 442.190442 0.000000
447.183310 431.134807 0.000000
455.385877 425.785307 0.000000
444.330243 421.862340 0.000000
468.224679 438.267475 0.000000
479.636947 438.624108 0.000000
477.497147 446.470043 0.000000
487.839515 441.833809 0.000000
460.735378 442.190442 0.000000
466.798146 447.896576 0.000000
451.819544 446.470043 0.000000
452.532810 458.952211 0.000000
462.161912 460.378745 0.000000
470.364479 469.294579 0.000000
467.868046 478.923680 0.000000
460.735378 482.846648 0.000000
481.420114 474.287447 0.000000
497.111983 483.916548 0.000000
494.615549 497.111983 0.000000
493.902282 462.518545 0.000000
406.883738 447.183310 0.000000
400.107703 450.393010 0.000000
386.912268 450.036377 0.000000
385.485735 463.231812 0.000000
381.562767 477.140514 0.000000
373.360200 485.699715 0.000000
410.450071 487.126248 0.000000
420.792439 464.658345 0.000000
417.582739 455.029244 0.000000
400.107703 493.189016 0.000000
389.765335 499.251783 0.000000
416.156205 474.287447 0.000000
359.808131 479.993581 0.000000
349.465763 498.538516 0.000000
338.053495 497.468616 0.000000
334.843795 487.126248 0.000000
336.983595 476.783880 0.000000
350.179030 465.371612 0.000000
357.668331 450.393010 0.000000
350.179030 444.330243 0.000000
353.745364 432.917974 0.000000
371.933666 432.204708 0.000000
356.241797 415.086305 0.000000
352.318830 404.743937 0.000000
349.109130 392.261769 0.000000
339.836662 378.353067 0.000000
357.311698 375.500000 0.000000
351.605563 366.940799 0.000000
342.333096 368.010699 0.000000
353.032097 351.962197 0.000000
359.451498 349.109130 0.000000
372.646933 360.878031 0.000000
368.367332 336.626961 0.000000
366.940799 318.082026 0.000000
357.668331 310.592725 0.000000
365.157632 296.684023 0.000000
354.815264 297.753923 0.000000
356.598431 286.698288 0.000000
360.164765 272.076320 0.000000
350.892297 276.355920 0.000000
361.234665 260.307418 0.000000
351.962197 256.741084 0.000000
367.297432 252.136667 0.000000
361.591298 237.871332 0.000000
374.073466 236.444798 0.000000
371.220399 228.598864 0.000000
358.738231 222.536096 0.000000
350.892297 219.326396 0.000000
341.976462 216.473329 0.000000
330.564194 216.473329 0.000000
342.333096 235.374898 0.000000
347.682596 245.360633 0.000000
324.144793 481.776748 0.000000
323.074893 491.049215 0.000000
317.725392 495.685449 0.000000
301.320257 496.755350 0.000000
285.628388 485.343081 0.000000
295.970756 481.776748 0.000000
277.782454 478.210414 0.000000
292.047789 470.364479 0.000000
298.823823 466.441512 0.000000
319.865193 459.665478 0.000000
309.879458 465.371612 0.000000
299.537090 457.525678 0.000000
290.264622 451.462910 0.000000
289.194722 458.952211 0.000000
301.320257 447.896576 0.000000
310.949358 450.393010 0.000000
319.151926 450.036377 0.000000
314.872325 439.694009 0.000000
313.802425 430.064907 0.000000
329.494294 439.694009 0.000000
333.773894 422.932240 0.000000
328.067760 424.002140 0.000000
322.718260 409.023538 0.000000
330.564194 401.890870 0.000000
318.795292 389.408702 0.000000
320.221826 370.507133 0.000000
304.886591 390.478602 0.000000
305.243224 403.674037 0.000000
304.529957 416.869472 0.000000
295.257489 410.806705 0.000000
298.467190 423.645506 0.000000
295.614123 434.701141 0.000000
288.481455 428.281740 0.000000
283.131954 421.505706 0.000000
284.558488 438.267475 0.000000
271.363053 452.532810 0.000000
267.440086 468.224679 0.000000
254.601284 465.371612 0.000000
262.090585 475.357347 0.000000
250.321683 479.636947 0.000000
255.671184 488.552782 0.000000
248.895150 494.258916 0.000000
258.880884 496.398716 0.000000
271.719686 497.468616 0.000000
270.293153 484.629815 0.000000
254.601284 449.323110 0.000000
248.181883 460.735378 0.000000
229.993581 471.077746 0.000000
210.735378 465.728245 0.000000
205.385877 469.294579 0.000000
200.749643 458.595578 0.000000
200.749643 478.567047 0.000000
198.966476 490.335949 0.000000
212.518545 489.266049 0.000000
221.434379 490.692582 0.000000
231.063481 493.189016 0.000000
238.552782 440.407275 0.000000
249.251783 438.267475 0.000000
266.013552 437.554208 0.000000
267.083452 424.358773 0.000000
263.873752 409.023538 0.000000
255.314551 409.736805 0.000000
272.432953 406.527104 0.000000
273.502853 397.967903 0.000000
274.572753 385.129101 0.000000
284.558488 390.121969 0.000000
258.524251 387.982168 0.000000
292.404422 373.360200 0.000000
279.208987 370.150499 0.000000
268.153352 370.863766 0.000000
254.244650 365.870899 0.000000
254.244650 358.024964 0.000000
253.531384 350.892297 0.000000
258.524251 342.689729 0.000000
271.719686 347.325963 0.000000
274.929387 357.668331 0.000000
293.830956 355.528531 0.000000
291.691155 362.661198 0.000000
308.809558 355.885164 0.000000
310.592725 344.829529 0.000000
326.997860 336.270328 0.000000
320.578459 341.976462 0.000000
344.116262 343.561130 0.000000
333.060628 348.553997 0.000000
324.501427 354.260132 0.000000
325.571327 363.532599 0.000000
346.612696 322.876394 0.000000
336.983595 325.016194 0.000000
333.060628 312.177393 0.000000
323.431526 314.317193 0.000000
317.368759 306.114625 0.000000
309.522825 311.820759 0.000000
313.089158 326.799361 0.000000
304.886591 325.372828 0.000000
291.334522 322.163127 0.000000
296.684023 333.218762 0.000000
290.264622 312.890659 0.000000
280.278887 336.071829 0.000000
283.845221 348.553997 0.000000
291.334522 346.057564 0.000000
276.355920 320.023327 0.000000
268.866619 311.107492 0.000000
276.355920 292.205923 0.000000
299.893723 302.904925 0.000000
293.474322 294.345724 0.000000
308.096291 292.205923 0.000000
317.012126 292.919190 0.000000
326.284593 292.919190 0.000000
333.417261 284.003355 0.000000
332.703994 274.730888 0.000000
320.935093 273.304354 0.000000
336.270328 260.822186 0.000000
327.354494 257.255852 0.000000
313.089158 256.542585 0.000000
306.313124 266.884953 0.000000
305.243224 280.080388 0.000000
295.257489 279.723755 0.000000
297.753923 266.884953 0.000000
283.845221 261.892086 0.000000
289.194722 254.402785 0.000000
284.915121 282.576822 0.000000
272.076320 277.227321 0.000000
298.823823 245.843584 0.000000
298.823823 256.542585 0.000000
316.298859 247.270117 0.000000
326.641227 239.780816 0.000000
313.802425 232.648149 0.000000
313.089158 222.662414 0.000000
289.194722 236.214482 0.000000
290.264622 228.011915 0.000000
300.963623 215.173113 0.000000
312.019258 209.466979 0.000000
296.684023 206.613912 0.000000
307.383024 198.054711 0.000000
308.809558 183.970304 0.000000
298.110556 191.459605 0.000000
321.648359 187.180004 0.000000
320.221826 197.165739 0.000000
329.850927 176.481003 0.000000
339.480029 183.257037 0.000000
344.116262 191.459605 0.000000
347.682596 199.662173 0.000000
362.304565 203.585140 0.000000
367.297432 211.074441 0.000000
369.080599 201.088706 0.000000
383.345934 209.291274 0.000000
383.345934 194.669305 0.000000
365.157632 189.319805 0.000000
363.374465 172.558036 0.000000
353.388730 170.774869 0.000000
341.263195 166.138635 0.000000
347.682596 182.543770 0.000000
333.060628 165.068735 0.000000
327.711127 152.586566 0.000000
335.200428 146.523799 0.000000
322.004993 141.174298 0.000000
321.648359 159.362601 0.000000
313.802425 168.635069 0.000000
305.956491 158.649334 0.000000
311.305991 150.090133 0.000000
314.872325 136.538064 0.000000
301.320257 124.769163 0.000000
298.110556 112.286994 0.000000
12.090585 6.384451 0.000000
18.153352 23.146220 0.000000
6.027817 13.873752 0.000000
4.957917 24.216120 0.000000
2.104850 33.845221 0.000000
15.300285 42.761056 0.000000
23.859486 39.907989 0.000000
17.440086 31.705421 0.000000
20.649786 50.606990 0.000000
9.594151 50.963623 0.000000
7.097718 62.019258 0.000000
17.440086 72.361626 0.000000
29.922254 64.515692 0.000000
35.628388 52.746790 0.000000
53.460057 58.096291 0.000000
53.816690 41.691155 0.000000
64.515692 47.753923 0.000000
81.634094 32.418688 0.000000
81.634094 47.753923 0.000000
96.612696 34.558488 0.000000
66.655492 28.139087 0.000000
58.096291 22.789586 0.000000
48.467190 18.153352 0.000000
35.628388 14.230385 0.000000
33.131954 24.572753 0.000000
57.026391 9.237518 0.000000
79.137660 9.237518 0.000000
89.836662 23.859486 0.000000
104.101997 44.900856 0.000000
90.193295 63.445792 0.000000
79.137660 72.004993 0.000000
69.508559 62.375892 0.000000
62.375892 66.655492 0.000000
59.166191 77.354494 0.000000
47.397290 84.843795 0.000000
22.789586 81.277461 0.000000
6.027817 80.207561 0.000000
4.244650 88.410128 0.000000
27.782454 91.619829 0.000000
28.852354 101.248930 0.000000
42.047789 94.116262 0.000000
38.838088 102.318830 0.000000
15.300285 104.458631 0.000000
7.810984 112.304565 0.000000
15.300285 126.926534 0.000000
30.278887 114.087732 0.000000
36.698288 126.213267 0.000000
45.257489 114.800999 0.000000
54.886591 129.066334 0.000000
70.935093 131.562767 0.000000
62.375892 116.940799 0.000000
64.515692 108.024964 0.000000
73.074893 99.822397 0.000000
55.956491 97.325963 0.000000
69.865193 86.626961 0.000000
88.766762 99.465763 0.000000
83.417261 105.528531 0.000000
91.263195 118.010699 0.000000
75.214693 116.940799 0.000000
82.703994 125.143367 0.000000
83.773894 137.268902 0.000000
66.655492 142.261769 0.000000
67.368759 151.177603 0.000000
65.585592 166.869472 0.000000
40.977889 160.806705 0.000000
32.418688 164.016405 0.000000
7.810984 157.953638 0.000000
16.013552 145.114836 0.000000
6.027817 145.114836 0.000000
17.440086 135.842368 0.000000
30.278887 134.772468 0.000000
41.691155 136.912268 0.000000
27.782454 173.129314 0.000000
15.300285 172.416047 0.000000
21.719686 165.996646 0.000000
42.047789 180.618615 0.000000
54.529957 186.681383 0.000000
60.236091 175.982381 0.000000
70.935093 182.401782 0.000000
80.564194 199.520184 0.000000
68.438659 202.729885 0.000000
66.298859 215.925320 0.000000
50.250357 209.862552 0.000000
35.628388 204.869685 0.000000
33.131954 200.233451 0.000000
27.069187 193.100783 0.000000
20.649786 185.254849 0.000000
3.174750 185.968116 0.000000
7.810984 197.737017 0.000000
11.020685 210.219186 0.000000
24.572753 207.366119 0.000000
15.300285 219.491654 0.000000
19.579886 230.547288 0.000000
33.131954 227.337588 0.000000
34.558488 212.715619 0.000000
65.585592 243.029457 0.000000
49.537090 246.952424 0.000000
56.669757 258.008059 0.000000
65.228959 258.721325 0.000000
74.858060 251.588658 0.000000
79.137660 265.853993 0.000000
77.354494 277.979528 0.000000
61.305991 271.560127 0.000000
58.096291 280.475962 0.000000
47.397290 279.406062 0.000000
39.551355 275.483094 0.000000
43.830956 266.567260 0.000000
36.698288 263.357559 0.000000
34.558488 253.371825 0.000000
15.300285 250.518758 0.000000
15.300285 264.784093 0.000000
8.880884 257.651425 0.000000
27.069187 270.133594 0.000000
21.719686 284.398929 0.000000
7.097718 278.692795 0.000000
42.047789 296.524464 0.000000
34.558488 286.895363 0.000000
61.305991 292.089103 0.000000
61.305991 302.431471 0.000000
67.368759 311.347306 0.000000
75.927960 298.865137 0.000000
84.487161 306.711072 0.000000
68.795292 327.039175 0.000000
57.739658 320.976407 0.000000
47.397290 309.920772 0.000000
37.768188 313.843739 0.000000
22.789586 316.696807 0.000000
18.509986 308.137605 0.000000
6.384451 310.990672 0.000000
6.384451 323.116207 0.000000
21.363053 326.682541 0.000000
32.418688 332.388675 0.000000
42.761056 339.164710 0.000000
32.418688 342.731043 0.000000
39.551355 351.646878 0.000000
23.859486 355.926478 0.000000
24.929387 363.415779 0.000000
9.950785 364.129046 0.000000
16.013552 339.164710 0.000000
59.166191 336.270328 0.000000
59.879458 346.612696 0.000000
65.585592 356.598431 0.000000
73.788160 363.017832 0.000000
79.494294 349.109130 0.000000
68.795292 344.829529 0.000000
90.193295 344.116262 0.000000
96.612696 354.101997 0.000000
90.906562 363.731098 0.000000
81.277461 336.983595 0.000000
101.248930 366.940799 0.000000
83.773894 375.143367 0.000000
79.494294 381.562767 0.000000
42.761056 367.297432 0.000000
48.467190 380.136234 0.000000
57.026391 385.842368 0.000000
47.397290 395.471469 0.000000
30.992154 383.702568 0.000000
33.488588 396.898003 0.000000
23.859486 395.471469 0.000000
7.454351 383.345934 0.000000
9.594151 399.394437 0.000000
20.649786 408.666904 0.000000
14.943652 414.373039 0.000000
8.880884 421.505706 0.000000
34.201854 409.380171 0.000000
47.397290 408.666904 0.000000
59.166191 412.589872 0.000000
44.187589 417.939372 0.000000
38.481455 421.862340 0.000000
22.789586 427.211840 0.000000
16.370185 438.624108 0.000000
9.950785 450.749643 0.000000
27.069187 458.595578 0.000000
32.062054 447.896576 0.000000
39.907989 450.393010 0.000000
45.257489 437.910842 0.000000
56.669757 432.917974 0.000000
69.865193 426.498573 0.000000
73.074893 438.624108 0.000000
60.949358 438.624108 0.000000
72.718260 449.323110 0.000000
55.956491 450.036377 0.000000
60.236091 458.238944 0.000000
72.718260 459.308845 0.000000
46.327389 463.231812 0.000000
9.950785 471.434379 0.000000
18.509986 483.916548 0.000000
12.090585 492.475749 0.000000
4.601284 486.056348 0.000000
29.208987 473.930813 0.000000
38.838088 481.420114 0.000000
33.131954 493.545649 0.000000
51.676890 492.832382 0.000000
66.298859 497.111983 0.000000
66.298859 485.699715 0.000000
67.725392 470.007846 0.000000
54.886591 471.434379 0.000000
97.682596 470.721113 0.000000
89.123395 477.497147 0.000000
101.248930 8.167618 0.000000
120.863766 10.664051 0.000000
119.437233 18.866619 0.000000
133.345934 17.796719 0.000000
146.184736 9.950785 0.000000
149.037803 19.936519 0.000000
154.387304 30.992154 0.000000
155.813837 42.404422 0.000000
140.835235 40.264622 0.000000
140.121969 28.495720 0.000000
128.353067 32.062054 0.000000
125.143367 41.691155 0.000000
116.227532 32.418688 0.000000
108.738231 25.642653 0.000000
117.654066 46.684023 0.000000
113.374465 56.313124 0.000000
107.668331 74.144793 0.000000
96.256063 83.417261 0.000000
105.528531 95.899429 0.000000
114.444365 103.745364 0.000000
124.786733 84.487161 0.000000
132.632668 106.241797 0.000000
149.037803 76.997860 0.000000
128.353067 67.368759 0.000000
142.975036 58.452924 0.000000
148.324536 50.250357 0.000000
154.030670 63.802425 0.000000
162.233238 51.676890 0.000000
166.869472 62.732525 0.000000
172.932240 74.501427 0.000000
169.009272 84.843795 0.000000
160.093438 94.116262 0.000000
157.240371 101.605563 0.000000
149.751070 107.311698 0.000000
153.317404 116.227532 0.000000
164.729672 119.437233 0.000000
114.087732 123.716833 0.000000
104.815264 111.234665 0.000000
116.584165 137.625535 0.000000
94.829529 129.244650 0.000000
97.860913 142.975036 0.000000
99.822397 163.659772 0.000000
88.231812 156.170471 0.000000
95.186163 176.498573 0.000000
89.658345 184.166191 0.000000
97.147646 196.113409 0.000000
123.538516 193.082026 0.000000
125.856633 182.561341 0.000000
136.555635 192.547076 0.000000
126.926534 165.977889 0.000000
127.639800 154.387304 0.000000
117.297432 148.859486 0.000000
112.304565 161.519971 0.000000
141.370185 155.813837 0.000000
204.137660 45.614123 0.000000
215.193295 43.117689 0.000000
188.802425 47.397290 0.000000
187.019258 65.585592 0.000000
206.634094 59.166191 0.000000
190.942225 57.383024 0.000000
177.390157 47.040656 0.000000
169.544223 23.859486 0.000000
179.886591 28.139087 0.000000
201.997860 71.291726 0.000000
192.368759 74.501427 0.000000
184.879458 77.711127 0.000000
184.166191 86.270328 0.000000
211.626961 85.200428 0.000000
220.186163 75.927960 0.000000
228.745364 80.207561 0.000000
243.723966 79.137660 0.000000
237.304565 51.320257 0.000000
249.786733 70.221826 0.000000
257.276034 95.542796 0.000000
262.625535 120.507133 0.000000
246.933666 114.087732 0.000000
240.157632 97.325963 0.000000
223.752496 90.906562 0.000000
207.347361 100.892297 0.000000
209.843795 111.234665 0.000000
196.291726 105.885164 0.000000
190.228959 99.109130 0.000000
174.893723 95.542796 0.000000
179.173324 107.311698 0.000000
185.949358 119.437233 0.000000
198.431526 125.143367 0.000000
188.445792 130.492867 0.000000
141.726819 121.933666 0.000000
131.741084 134.059201 0.000000
140.656919 129.422967 0.000000
149.929387 134.415835 0.000000
155.278887 148.681170 0.000000
166.691155 160.450071 0.000000
173.467190 151.890870 0.000000
184.522825 150.464337 0.000000
253.353067 164.016405 0.000000
263.695435 155.100571 0.000000
274.751070 146.898003 0.000000
282.240371 160.806705 0.000000
274.751070 126.569900 0.000000
282.953638 116.227532 0.000000
285.450071 125.856633 0.000000
269.401569 108.024964 0.000000
271.898003 99.822397 0.000000
264.052068 59.879458 0.000000
273.146220 191.957752 0.000000
280.813837 178.584000 0.000000
291.512839 175.730933 0.000000
289.907989 185.360034 0.000000
284.558488 191.422802 0.000000
283.488588 197.663886 0.000000
283.131954 211.037638 0.000000
279.387304 217.457039 0.000000
277.960770 227.086140 0.000000
266.905136 226.551190 0.000000
266.370185 215.138922 0.000000
259.594151 201.408537 0.000000
250.500000 214.782288 0.000000
245.685449 221.736639 0.000000
258.524251 226.729507 0.000000
256.919401 241.529792 0.000000
244.615549 238.320092 0.000000
226.962197 234.753758 0.000000
235.878031 226.194557 0.000000
219.472896 223.876440 0.000000
226.427247 215.317238 0.000000
234.986448 208.719521 0.000000
235.521398 195.524086 0.000000
247.111983 185.538351 0.000000
249.965050 192.671019 0.000000
259.059201 176.800833 0.000000
246.220399 168.241632 0.000000
229.458631 163.070448 0.000000
231.598431 176.087567 0.000000
220.007846 158.969164 0.000000
215.728245 150.588280 0.000000
231.776748 154.511247 0.000000
227.853780 143.812246 0.000000
252.639800 137.392845 0.000000
209.130528 137.625535 0.000000
216.441512 125.856633 0.000000
200.393010 156.705421 0.000000
203.602710 184.551317 0.000000
216.798146 201.491403 0.000000
201.819544 201.134769 0.000000
211.270328 214.508521 0.000000
183.987874 210.763871 0.000000
181.491441 220.571289 0.000000
167.047789 212.725354 0.000000
162.768188 222.532772 0.000000
156.348787 210.050604 0.000000
159.915121 202.561303 0.000000
169.544223 197.033486 0.000000
168.652639 185.799534 0.000000
179.173324 190.257451 0.000000
172.397290 175.992116 0.000000
160.628388 169.751032 0.000000
151.534237 168.324498 0.000000
131.027817 204.668812 0.000000
106.063481 218.042563 0.000000
262.982168 286.698288 0.000000
254.244650 280.100571 0.000000
238.909415 268.331669 0.000000
254.244650 263.517118 0.000000
245.150499 252.818117 0.000000
228.032097 253.174750 0.000000
217.511412 255.492867 0.000000
208.417261 248.181883 0.000000
199.323110 261.733951 0.000000
197.004993 235.699715 0.000000
210.022111 228.955260 0.000000
188.445792 245.886560 0.000000
166.512839 253.910811 0.000000
156.348787 251.236061 0.000000
152.782454 232.512808 0.000000
142.975036 244.852513 0.000000
136.020685 251.093598 0.000000
133.880884 240.394596 0.000000
134.059201 230.230545 0.000000
121.755350 226.485894 0.000000
113.196148 241.642813 0.000000
106.598431 233.307042 0.000000
99.644080 227.600908 0.000000
82.882311 237.586642 0.000000
91.976462 255.418311 0.000000
92.511412 265.047413 0.000000
94.829529 275.389781 0.000000
100.713980 291.794916 0.000000
116.762482 299.284217 0.000000
118.723966 282.165815 0.000000
113.374465 272.536714 0.000000
100.713980 246.502477 0.000000
126.213267 268.078797 0.000000
131.919401 277.172948 0.000000
129.066334 258.449695 0.000000
118.010699 250.247127 0.000000
141.013552 261.481079 0.000000
149.037803 272.358397 0.000000
165.264622 281.809182 0.000000
162.589872 266.117313 0.000000
179.886591 276.459681 0.000000
181.491441 287.336999 0.000000
225.179030 274.394437 0.000000
242.297432 285.450071 0.000000
240.157632 295.435806 0.000000
227.318830 297.218973 0.000000
237.661198 305.778174 0.000000
247.646933 306.848074 0.000000
256.919401 313.267475 0.000000
248.360200 324.679743 0.000000
230.528531 327.176177 0.000000
217.689729 322.896576 0.000000
218.046362 302.211840 0.000000
204.137660 307.204708 0.000000
194.508559 295.079173 0.000000
193.082026 279.030670 0.000000
204.850927 329.315977 0.000000
179.173324 308.274608 0.000000
180.599857 295.079173 0.000000
158.131954 298.288873 0.000000
150.642653 312.197575 0.000000
159.201854 315.407275 0.000000
142.083452 287.946505 0.000000
146.363053 320.043509 0.000000
122.825250 324.679743 0.000000
136.733951 331.812411 0.000000
146.363053 341.441512 0.000000
164.194722 336.092011 0.000000
158.131954 327.532810 0.000000
157.775321 352.853780 0.000000
151.712553 362.126248 0.000000
139.943652 359.629815 0.000000
123.895150 346.434379 0.000000
122.825250 361.056348 0.000000
128.888017 372.825250 0.000000
137.447218 377.818117 0.000000
133.524251 385.307418 0.000000
145.293153 381.741084 0.000000
146.363053 389.943652 0.000000
142.083452 396.719686 0.000000
129.244650 393.866619 0.000000
121.398716 406.705421 0.000000
146.363053 407.062054 0.000000
161.341655 413.481455 0.000000
164.551355 401.355920 0.000000
179.173324 402.069187 0.000000
172.753923 386.733951 0.000000
185.949358 368.189016 0.000000
205.564194 371.398716 0.000000
212.340228 365.692582 0.000000
211.270328 383.167618 0.000000
219.116262 378.531384 0.000000
228.745364 381.384451 0.000000
238.017832 381.384451 0.000000
243.367332 385.307418 0.000000
231.598431 393.509986 0.000000
235.521398 406.348787 0.000000
245.507133 405.635521 0.000000
240.870899 417.761056 0.000000
225.892297 415.977889 0.000000
207.703994 396.006419 0.000000
211.983595 409.558488 0.000000
223.752496 426.141940 0.000000
235.521398 424.715407 0.000000
226.962197 445.756776 0.000000
231.955064 451.819544 0.000000
212.696862 449.679743 0.000000
210.200428 434.701141 0.000000
199.858060 435.057775 0.000000
190.228959 438.624108 0.000000
198.788160 421.505706 0.000000
194.151926 399.037803 0.000000
186.662625 388.695435 0.000000
199.858060 389.765335 0.000000
176.320257 412.946505 0.000000
173.110556 427.925107 0.000000
159.201854 428.995007 0.000000
166.691155 439.337375 0.000000
162.411555 447.183310 0.000000
155.635521 456.099144 0.000000
181.313124 453.959344 0.000000
150.286020 465.728245 0.000000
141.726819 475.357347 0.000000
154.565621 477.497147 0.000000
167.761056 471.077746 0.000000
179.173324 474.644080 0.000000
180.599857 462.161912 0.000000
176.320257 484.629815 0.000000
170.970756 495.685449 0.000000
158.845221 490.692582 0.000000
138.873752 490.335949 0.000000
117.475749 475.000713 0.000000
112.126248 484.273181 0.000000
109.986448 497.468616 0.000000
123.538516 457.169044 0.000000
134.594151 458.238944 0.000000
133.524251 471.077746 0.000000
136.733951 446.826676 0.000000
116.405849 440.050642 0.000000
93.937946 441.477175 0.000000
107.490014 422.575606 0.000000
119.615549 419.009272 0.000000
119.615549 430.064907 0.000000
132.097718 418.296006 0.000000
103.210414 404.387304 0.000000
98.930813 396.184736 0.000000
83.595578 393.331669 0.000000
80.029244 403.317404 0.000000
71.470043 403.317404 0.000000
108.559914 386.555635 0.000000
115.335949 378.709700 0.000000
165.977889 362.661198 0.000000
173.110556 349.465763 0.000000
188.445792 343.759629 0.000000
177.746790 330.207561 0.000000
132.097718 289.194722 0.000000
132.097718 308.809558 0.000000
111.056348 313.445792 0.000000
101.427247 305.956491 0.000000
338.102459 205.418033 0.000000
264.331967 254.598361 0.000000
446.709016 483.765027 0.000000
441.927596 469.762295 0.000000
