99.552347 160.472924 2.000000
94.588448 201.086643 2.000000
90.075812 210.563177 2.000000
111.824688 247.985264 2.000000
92.332130 48.108303 2.000000
109.931408 141.971119 2.000000
115.572202 104.741877 3.000000
110.157040 97.521661 3.000000
117.377256 89.398917 3.000000
131.817690 96.619134 3.000000
126.402527 88.496390 3.000000
131.817690 69.543321 3.000000
139.037906 76.763538 3.000000
161.601083 97.521661 3.000000
160.698556 118.279783 3.000000
182.926987 111.394313 0.000000
411.826715 166.012571 3.000000
414.534296 177.745423 3.000000
405.057762 174.135315 3.000000
409.119134 185.416903 3.000000
400.545126 190.832066 3.000000
405.960289 199.857337 3.000000
423.559567 227.835676 3.000000
406.411552 238.666001 3.000000
429.425993 249.947589 3.000000
457.404332 260.777914 3.000000
461.465704 240.922319 3.000000
458.758123 227.835676 3.000000
448.830325 231.897048 3.000000
435.743682 148.864557 3.000000
441.610108 141.644340 3.000000
400.545126 133.521597 3.000000
399.642599 142.998131 3.000000
413.180505 141.644340 3.000000
417.241877 130.814015 3.000000
376.176895 134.424124 3.000000
383.397112 137.582968 3.000000
387.007220 128.557698 3.000000
338.722022 135.777914 3.000000
336.014440 151.120875 3.000000
327.440433 146.156976 3.000000
323.379061 158.792355 3.000000
318.415162 172.781524 3.000000
313.000000 184.514376 3.000000
320.671480 187.673221 3.000000
307.584838 168.720152 3.000000
301.718412 163.304990 3.000000
281.862816 165.561308 3.000000
272.386282 170.976470 3.000000
273.288809 164.658781 3.000000
294.949458 191.283329 3.000000
289.534296 194.893438 3.000000
296.754513 201.662391 3.000000
287.729242 207.980080 3.000000
278.252708 210.687662 3.000000
296.754513 219.261669 3.000000
317.963899 208.882607 3.000000
379.335740 240.922319 3.000000
353.613718 280.182246 3.000000
353.613718 266.644340 3.000000
367.151625 277.925929 3.000000
346.844765 274.767084 3.000000
338.722022 279.730983 3.000000
326.537906 289.658781 3.000000
325.635379 283.341091 3.000000
318.866426 276.572138 3.000000
324.281588 265.741813 3.000000
309.841155 267.546867 3.000000
308.036101 257.167806 3.000000
306.682310 250.850116 3.000000
289.083032 260.777914 3.000000
291.790614 267.095604 3.000000
3.884477 120.761733 3.000000
110.833935 166.790614 3.000000
112.187726 174.010830 3.000000
94.137184 169.949458 3.000000
87.819495 163.631769 3.000000
86.014440 154.155235 3.000000
94.137184 150.996390 3.000000
87.819495 145.581227 3.000000
85.111913 179.425993 3.000000
83.758123 188.451264 3.000000
78.342960 199.281588 3.000000
77.891697 206.953069 3.000000
67.061372 188.451264 3.000000
69.768953 180.779783 3.000000
106.772563 207.404332 3.000000
113.541516 203.342960 3.000000
118.505415 222.747292 3.000000
106.321300 220.039711 3.000000
100.003610 226.808664 3.000000
106.772563 236.736462 3.000000
114.532269 260.476978 3.000000
123.018051 258.848375 3.000000
124.371841 232.675090 3.000000
126.628159 222.747292 3.000000
76.537906 230.870036 3.000000
75.635379 219.137184 3.000000
64.805054 226.357401 3.000000
55.328520 209.660650 3.000000
56.682310 201.384107 3.000000
40.888087 196.122744 3.000000
40.888087 205.148014 3.000000
44.046931 188.902527 3.000000
53.523466 186.194946 3.000000
55.779783 234.480144 3.000000
50.815884 237.187726 3.000000
46.303249 231.772563 3.000000
70.671480 248.920578 3.000000
85.739629 266.575295 3.000000
87.819495 272.837545 3.000000
44.046931 253.433213 3.000000
39.083032 261.104693 3.000000
37.277978 245.310469 3.000000
35.924188 237.187726 3.000000
306.682310 80.599278 3.000000
303.974729 96.393502 3.000000
303.072202 71.574007 3.000000
297.657040 81.501805 3.000000
322.927798 81.501805 3.000000
289.534296 80.599278 3.000000
282.765343 86.465704 3.000000
277.350181 80.148014 3.000000
274.191336 69.317690 3.000000
268.776173 80.148014 3.000000
262.007220 67.061372 3.000000
251.628159 74.281588 3.000000
240.346570 73.830325 3.000000
243.054152 61.646209 3.000000
250.274368 53.974729 3.000000
270.581227 34.119134 3.000000
274.191336 21.483755 3.000000
274.642599 8.397112 3.000000
258.397112 13.812274 3.000000
246.212996 27.350181 3.000000
217.783394 47.205776 3.000000
217.332130 59.841155 3.000000
227.259928 63.902527 3.000000
236.736462 57.133574 3.000000
209.660650 62.097473 3.000000
205.148014 55.779783 3.000000
198.379061 63.451264 3.000000
193.415162 76.537906 3.000000
209.660650 74.732852 3.000000
215.075812 86.465704 3.000000
80.148014 45.851986 3.000000
70.220217 89.173285 3.000000
58.938628 92.783394 3.000000
49.913357 45.851986 3.000000
39.083032 36.375451 3.000000
85.111913 107.223827 3.000000
106.772563 102.711191 3.000000
28.703971 86.014440 3.000000
17.873646 74.732852 3.000000
7.945848 67.512635 3.000000
7.043321 54.425993 3.000000
18.324910 58.938628 3.000000
29.606498 63.902527 3.000000
31.411552 51.267148 3.000000
46.303249 61.194946 3.000000
64.177339 61.250385 3.000000
63.902527 26.447653 3.000000
61.646209 16.971119 3.000000
51.718412 31.411552 3.000000
73.379061 36.826715 3.000000
58.575591 69.592501 4.000000
160.924188 139.714801 4.000000
18.509986 21.006419 0.000000
11.020685 27.782454 0.000000
8.524251 15.300285 0.000000
29.922254 16.013552 0.000000
23.502853 3.888017 0.000000
64.515692 11.020685 0.000000
72.004993 3.531384 0.000000
89.123395 11.020685 0.000000
81.634094 19.579886 0.000000
91.976462 28.852354 0.000000
95.542796 20.293153 0.000000
106.241797 11.377318 0.000000
111.591298 3.174750 0.000000
115.157632 9.237518 0.000000
101.248930 67.725392 0.000000
95.542796 61.662625 0.000000
104.101997 44.900856 0.000000
113.017832 49.180456 0.000000
115.870899 39.907989 0.000000
121.220399 35.628388 0.000000
126.569900 41.334522 0.000000
131.206134 49.893723 0.000000
119.080599 60.949358 0.000000
126.926534 62.732525 0.000000
131.562767 29.565621 0.000000
139.765335 37.768188 0.000000
144.758203 29.208987 0.000000
150.464337 35.271755 0.000000
154.030670 26.355920 0.000000
160.093438 45.970756 0.000000
167.939372 32.775321 0.000000
177.568474 18.866619 0.000000
166.869472 18.866619 0.000000
167.226106 8.880884 0.000000
153.674037 12.447218 0.000000
186.484308 29.922254 0.000000
181.491441 35.985021 0.000000
190.050642 48.467190 0.000000
197.183310 42.047789 0.000000
203.246077 26.712553 0.000000
211.092011 19.223252 0.000000
221.077746 27.425820 0.000000
198.253210 14.230385 0.000000
210.022111 7.097718 0.000000
188.624108 6.741084 0.000000
161.876605 65.585592 0.000000
155.813837 72.361626 0.000000
171.149073 54.886591 0.000000
177.211840 62.375892 0.000000
227.497147 72.361626 0.000000
176.498573 83.417261 0.000000
169.365906 76.284593 0.000000
183.274608 92.689729 0.000000
207.525678 110.878031 0.000000
207.882311 96.969330 0.000000
196.113409 90.193295 0.000000
190.050642 102.675464 0.000000
179.351641 102.318830 0.000000
67.368759 96.612696 0.000000
57.739658 117.654066 0.000000
53.816690 126.569900 0.000000
51.676890 138.695435 0.000000
50.606990 150.464337 0.000000
50.606990 160.806705 0.000000
51.320257 170.079173 0.000000
40.977889 174.002140 0.000000
44.900856 160.450071 0.000000
35.271755 158.666904 0.000000
23.502853 166.512839 0.000000
11.020685 162.233238 0.000000
8.880884 151.177603 0.000000
126.926534 165.086305 0.000000
127.996434 171.862340 0.000000
133.345934 165.442939 0.000000
132.632668 179.351641 0.000000
141.548502 182.204708 0.000000
148.681170 191.477175 0.000000
141.548502 196.470043 0.000000
151.890870 200.036377 0.000000
123.360200 146.898003 0.000000
126.569900 131.206134 0.000000
120.150499 124.786733 0.000000
126.926534 118.367332 0.000000
109.451498 124.073466 0.000000
105.885164 112.304565 0.000000
105.885164 112.304565 0.000000
84.843795 118.010699 0.000000
78.424394 134.415835 0.000000
72.004993 142.618402 0.000000
67.725392 134.772468 0.000000
190.407275 118.367332 0.000000
197.896576 124.430100 0.000000
200.749643 131.562767 0.000000
208.952211 136.555635 0.000000
211.805278 129.422967 0.000000
221.077746 135.129101 0.000000
203.246077 145.471469 0.000000
198.966476 140.121969 0.000000
192.903709 151.890870 0.000000
178.281740 150.107703 0.000000
170.079173 152.960770 0.000000
170.079173 167.226106 0.000000
149.037803 170.079173 0.000000
146.898003 158.310271 0.000000
162.589872 179.708274 0.000000
176.141940 177.568474 0.000000
34.558488 187.732525 0.000000
15.300285 219.829529 0.000000
15.300285 206.277461 0.000000
22.432953 214.836662 0.000000
4.957917 209.130528 0.000000
10.664051 236.234665 0.000000
18.509986 228.032097 0.000000
45.881598 266.013552 0.000000
59.611983 275.642653 0.000000
50.696148 282.062054 0.000000
74.055635 283.131954 0.000000
76.730385 297.753923 0.000000
84.041369 304.529957 0.000000
83.328103 311.484308 0.000000
77.265335 314.515692 0.000000
65.139800 321.291726 0.000000
39.283880 326.997860 0.000000
47.308131 319.508559 0.000000
29.119829 319.151926 0.000000
20.203994 319.151926 0.000000
12.179743 319.865193 0.000000
14.676177 304.529957 0.000000
30.902996 306.491441 0.000000
35.539230 302.033524 0.000000
45.703281 304.708274 0.000000
32.507846 288.659772 0.000000
23.413695 291.869472 0.000000
52.390157 293.652639 0.000000
61.305991 294.722539 0.000000
24.572753 284.023538 0.000000
10.664051 286.876605 0.000000
15.300285 270.828103 0.000000
88.053495 285.806705 0.000000
101.962197 285.806705 0.000000
131.562767 288.303138 0.000000
142.261769 288.303138 0.000000
137.625535 271.541369 0.000000
151.177603 273.324536 0.000000
147.611270 264.765335 0.000000
156.883738 261.555635 0.000000
166.512839 257.632668 0.000000
174.715407 253.709700 0.000000
148.681170 234.629815 0.000000
144.936519 228.032097 0.000000
141.191869 223.395863 0.000000
137.625535 216.976462 0.000000
153.852354 220.899429 0.000000
159.023538 225.000713 0.000000
156.705421 231.598431 0.000000
164.016405 214.301712 0.000000
168.296006 222.504280 0.000000
175.606990 230.528531 0.000000
172.040656 239.979315 0.000000
151.712553 244.972183 0.000000
154.387304 252.639800 0.000000
4.957917 344.651213 0.000000
14.943652 336.092011 0.000000
18.509986 348.217546 0.000000
16.370185 357.846648 0.000000
12.090585 370.685449 0.000000
4.957917 362.126248 0.000000
18.509986 382.454351 0.000000
28.852354 378.531384 0.000000
40.977889 371.398716 0.000000
31.348787 360.343081 0.000000
31.348787 347.147646 0.000000
51.676890 350.357347 0.000000
56.669757 340.014979 0.000000
63.445792 345.721113 0.000000
67.368759 338.588445 0.000000
84.843795 336.448645 0.000000
85.913695 343.224679 0.000000
81.634094 347.860913 0.000000
74.144793 354.993581 0.000000
68.795292 360.699715 0.000000
57.026391 377.104850 0.000000
49.180456 383.524251 0.000000
42.047789 389.230385 0.000000
49.537090 392.796719 0.000000
42.047789 404.208987 0.000000
33.131954 397.076320 0.000000
17.440086 394.936519 0.000000
34.558488 417.761056 0.000000
28.139087 422.040656 0.000000
41.691155 427.033524 0.000000
31.348787 432.026391 0.000000
27.069187 439.515692 0.000000
15.300285 443.082026 0.000000
8.880884 434.166191 0.000000
50.606990 431.313124 0.000000
54.886591 424.537090 0.000000
58.096291 447.004993 0.000000
68.795292 446.291726 0.000000
65.585592 454.850927 0.000000
73.074893 459.130528 0.000000
54.886591 466.976462 0.000000
47.040656 458.773894 0.000000
39.907989 461.626961 0.000000
34.558488 448.431526 0.000000
23.859486 450.927960 0.000000
27.069187 460.200428 0.000000
15.300285 457.347361 0.000000
7.097718 453.067760 0.000000
3.531384 444.865193 0.000000
32.418688 473.752496 0.000000
34.558488 485.521398 0.000000
22.789586 482.311698 0.000000
5.671184 479.815264 0.000000
32.062054 494.972183 0.000000
20.293153 491.405849 0.000000
9.950785 494.972183 0.000000
68.795292 474.644080 0.000000
68.795292 497.468616 0.000000
89.123395 497.825250 0.000000
99.465763 492.119116 0.000000
100.892297 481.420114 0.000000
99.109130 472.147646 0.000000
95.542796 458.238944 0.000000
101.962197 459.308845 0.000000
117.297432 460.378745 0.000000
115.514265 472.504280 0.000000
109.451498 478.567047 0.000000
111.234665 487.126248 0.000000
110.164765 497.825250 0.000000
128.709700 491.049215 0.000000
146.541369 482.846648 0.000000
156.170471 488.552782 0.000000
159.380171 479.636947 0.000000
161.876605 468.581312 0.000000
151.177603 441.120542 0.000000
142.618402 443.616976 0.000000
129.066334 441.833809 0.000000
121.933666 439.337375 0.000000
108.024964 446.113409 0.000000
94.472896 444.686876 0.000000
84.843795 437.554208 0.000000
102.318830 434.344508 0.000000
110.164765 437.197575 0.000000
106.241797 424.715407 0.000000
119.437233 426.141940 0.000000
115.514265 416.156205 0.000000
116.940799 404.387304 0.000000
105.885164 411.876605 0.000000
100.892297 405.100571 0.000000
94.116262 410.806705 0.000000
92.333096 418.652639 0.000000
86.983595 422.218973 0.000000
80.564194 424.002140 0.000000
80.564194 412.589872 0.000000
73.074893 419.009272 0.000000
68.438659 414.729672 0.000000
81.634094 400.820970 0.000000
89.123395 399.394437 0.000000
67.368759 394.758203 0.000000
77.354494 385.129101 0.000000
84.487161 379.066334 0.000000
90.906562 382.632668 0.000000
97.682596 375.856633 0.000000
92.333096 361.234665 0.000000
99.822397 352.675464 0.000000
103.388730 336.626961 0.000000
116.940799 337.340228 0.000000
122.290300 335.200428 0.000000
127.283167 327.711127 0.000000
123.716833 344.116262 0.000000
115.514265 348.039230 0.000000
122.646933 362.304565 0.000000
125.143367 369.080599 0.000000
123.360200 375.856633 0.000000
139.765335 366.584165 0.000000
135.842368 375.143367 0.000000
143.331669 393.688302 0.000000
154.743937 400.464337 0.000000
158.666904 392.261769 0.000000
155.457204 411.163338 0.000000
146.184736 409.380171 0.000000
146.184736 416.869472 0.000000
160.806705 419.722539 0.000000
175.428673 395.114836 0.000000
157.953638 448.966476 0.000000
178.281740 467.511412 0.000000
178.281740 480.706847 0.000000
174.002140 486.769615 0.000000
188.624108 491.762482 0.000000
200.393010 492.119116 0.000000
208.952211 494.258916 0.000000
207.169044 482.133381 0.000000
195.043509 471.791013 0.000000
186.127675 457.525678 0.000000
184.344508 445.756776 0.000000
184.701141 434.344508 0.000000
187.554208 426.855207 0.000000
196.470043 430.778174 0.000000
201.462910 439.337375 0.000000
196.470043 447.896576 0.000000
203.246077 458.238944 0.000000
215.014979 455.742511 0.000000
219.651213 469.651213 0.000000
230.706847 457.882311 0.000000
239.266049 466.084879 0.000000
242.832382 461.805278 0.000000
244.258916 476.427247 0.000000
232.846648 471.434379 0.000000
226.070613 480.350214 0.000000
242.475749 489.622682 0.000000
237.482882 444.330243 0.000000
245.328816 439.337375 0.000000
210.735378 418.652639 0.000000
205.742511 424.002140 0.000000
197.183310 416.869472 0.000000
190.050642 412.233238 0.000000
201.462910 408.666904 0.000000
202.532810 396.898003 0.000000
207.882311 390.478602 0.000000
221.434379 401.177603 0.000000
226.070613 417.939372 0.000000
244.972183 414.373039 0.000000
245.685449 404.030670 0.000000
248.181883 394.758203 0.000000
243.902282 387.625535 0.000000
243.545649 379.422967 0.000000
226.427247 387.268902 0.000000
217.154779 378.353067 0.000000
229.636947 373.003566 0.000000
242.832382 369.080599 0.000000
232.846648 361.591298 0.000000
207.169044 367.654066 0.000000
206.099144 377.283167 0.000000
216.441512 361.591298 0.000000
180.421541 371.220399 0.000000
178.995007 362.661198 0.000000
169.365906 358.381598 0.000000
162.233238 361.947932 0.000000
188.980742 353.745364 0.000000
191.477175 359.451498 0.000000
200.749643 350.535663 0.000000
202.176177 357.668331 0.000000
211.092011 351.962197 0.000000
222.147646 342.689729 0.000000
221.791013 354.101997 0.000000
232.133381 348.395863 0.000000
241.049215 353.745364 0.000000
234.986448 339.480029 0.000000
158.310271 341.976462 0.000000
153.495720 338.945078 0.000000
141.370185 347.860913 0.000000
146.006419 355.885164 0.000000
167.047789 325.571327 0.000000
175.428673 328.246077 0.000000
174.180456 338.231812 0.000000
184.522825 338.945078 0.000000
190.585592 330.029244 0.000000
201.284593 334.665478 0.000000
211.805278 333.238944 0.000000
210.913695 320.935093 0.000000
218.759629 325.571327 0.000000
179.351641 308.631241 0.000000
181.848074 313.802425 0.000000
174.358773 317.903709 0.000000
153.674037 313.089158 0.000000
138.695435 311.662625 0.000000
155.635521 295.792439 0.000000
215.728245 306.848074 0.000000
230.171897 308.274608 0.000000
231.241797 319.865193 0.000000
256.206134 486.412981 0.000000
257.632668 493.902282 0.000000
257.632668 478.210414 0.000000
265.121969 480.350214 0.000000
266.905136 486.769615 0.000000
283.310271 492.832382 0.000000
282.240371 470.364479 0.000000
294.722539 461.805278 0.000000
259.772468 462.161912 0.000000
250.143367 448.253210 0.000000
266.905136 451.819544 0.000000
262.625535 440.763909 0.000000
272.254636 437.554208 0.000000
271.541369 447.183310 0.000000
258.702568 432.204708 0.000000
266.905136 427.568474 0.000000
249.073466 418.296006 0.000000
254.422967 414.373039 0.000000
260.842368 422.932240 0.000000
268.331669 410.450071 0.000000
272.611270 416.869472 0.000000
258.702568 402.247504 0.000000
267.261769 401.890870 0.000000
277.960770 403.317404 0.000000
275.464337 391.548502 0.000000
262.982168 391.548502 0.000000
265.835235 386.199001 0.000000
283.310271 388.338802 0.000000
278.674037 378.353067 0.000000
266.191869 373.003566 0.000000
253.353067 369.080599 0.000000
257.632668 356.241797 0.000000
266.191869 360.521398 0.000000
274.751070 357.311698 0.000000
274.394437 365.870899 0.000000
284.380171 365.514265 0.000000
287.589872 376.213267 0.000000
291.869472 369.437233 0.000000
296.149073 361.591298 0.000000
288.659772 349.465763 0.000000
300.428673 447.896576 0.000000
303.281740 431.134807 0.000000
299.358773 413.303138 0.000000
287.589872 414.729672 0.000000
281.883738 429.708274 0.000000
291.869472 441.833809 0.000000
300.072040 399.751070 0.000000
314.337375 418.296006 0.000000
321.826676 410.450071 0.000000
330.385877 401.534237 0.000000
310.057775 387.625535 0.000000
315.407275 374.430100 0.000000
336.092011 379.066334 0.000000
325.036377 382.989301 0.000000
341.084879 417.582739 0.000000
358.203281 422.575606 0.000000
326.819544 438.624108 0.000000
335.022111 445.400143 0.000000
307.561341 486.412981 0.000000
301.498573 480.350214 0.000000
318.616976 477.853780 0.000000
326.106277 483.916548 0.000000
336.805278 475.000713 0.000000
350.000713 497.825250 0.000000
371.398716 473.217546 0.000000
390.300285 488.196148 0.000000
396.363053 467.154779 0.000000
372.111983 458.595578 0.000000
376.034950 404.387304 0.000000
349.644080 402.960770 0.000000
357.846648 390.478602 0.000000
383.524251 412.233238 0.000000
385.307418 397.967903 0.000000
391.726819 420.792439 0.000000
398.502853 442.547076 0.000000
410.628388 454.672611 0.000000
418.830956 422.575606 0.000000
423.823823 445.756776 0.000000
441.655492 449.323110 0.000000
435.592725 471.791013 0.000000
465.906562 473.574180 0.000000
464.836662 480.706847 0.000000
456.277461 457.882311 0.000000
469.472896 457.169044 0.000000
459.487161 433.274608 0.000000
455.564194 416.512839 0.000000
441.298859 418.652639 0.000000
449.144793 395.828103 0.000000
435.592725 402.604137 0.000000
466.263195 371.220399 0.000000
451.284593 371.220399 0.000000
452.354494 355.528531 0.000000
442.012126 350.892297 0.000000
429.173324 344.829529 0.000000
433.452924 367.297432 0.000000
420.970756 365.514265 0.000000
428.103424 379.066334 0.000000
405.635521 363.374465 0.000000
410.985021 346.256063 0.000000
459.843795 332.703994 0.000000
430.243224 323.431526 0.000000
420.257489 330.920827 0.000000
417.404422 309.522825 0.000000
415.977889 319.865193 0.000000
397.076320 321.648359 0.000000
404.922254 333.417261 0.000000
376.034950 341.619829 0.000000
368.545649 352.675464 0.000000
348.574180 346.256063 0.000000
362.482882 343.402996 0.000000
332.525678 354.815264 0.000000
342.868046 349.109130 0.000000
315.407275 351.962197 0.000000
302.568474 348.039230 0.000000
295.079173 341.263195 0.000000
297.218973 331.990728 0.000000
308.987874 334.843795 0.000000
303.638374 324.144793 0.000000
305.421541 314.515692 0.000000
287.589872 332.703994 0.000000
386.020685 361.412981 0.000000
376.748217 381.027817 0.000000
407.062054 380.492867 0.000000
408.666904 402.425820 0.000000
242.654066 319.686876 0.000000
247.646933 334.130528 0.000000
252.104850 345.364479 0.000000
259.950785 335.557061 0.000000
253.888017 321.113409 0.000000
262.982168 313.802425 0.000000
254.779601 309.522825 0.000000
249.965050 305.599857 0.000000
258.702568 301.320257 0.000000
273.146220 317.368759 0.000000
269.223252 329.850927 0.000000
282.062054 310.771041 0.000000
294.365906 307.739658 0.000000
287.233238 298.288873 0.000000
288.659772 286.876605 0.000000
270.471469 294.544223 0.000000
274.751070 280.278887 0.000000
267.796719 304.173324 0.000000
254.422967 268.331669 0.000000
243.367332 275.107703 0.000000
213.053495 277.960770 0.000000
199.501427 290.086305 0.000000
182.383024 274.037803 0.000000
180.243224 267.975036 0.000000
177.033524 285.450071 0.000000
225.892297 224.822397 0.000000
242.297432 236.947932 0.000000
246.220399 224.109130 0.000000
256.562767 236.234665 0.000000
255.849501 245.507133 0.000000
273.324536 251.926534 0.000000
269.401569 260.485735 0.000000
249.430100 258.702568 0.000000
246.577033 251.926534 0.000000
238.374465 257.276034 0.000000
232.311698 265.121969 0.000000
224.109130 270.828103 0.000000
220.542796 279.387304 0.000000
276.890870 243.367332 0.000000
264.408702 238.017832 0.000000
269.758203 230.528531 0.000000
287.233238 227.675464 0.000000
280.100571 224.822397 0.000000
282.240371 235.521398 0.000000
269.044936 217.689729 0.000000
263.338802 224.822397 0.000000
326.106277 325.374490 0.000000
341.084879 318.241822 0.000000
346.434379 309.325988 0.000000
339.301712 298.983620 0.000000
330.742511 310.395888 0.000000
317.547076 313.248955 0.000000
322.896576 301.836687 0.000000
310.414408 297.200453 0.000000
363.552782 296.130553 0.000000
350.713980 297.557086 0.000000
369.972183 310.752521 0.000000
394.044936 265.954430 0.000000
403.317404 251.689095 0.000000
384.415835 225.298224 0.000000
379.779601 214.955856 0.000000
371.933666 212.459423 0.000000
370.863766 222.088524 0.000000
368.367332 233.857425 0.000000
358.381598 244.556427 0.000000
349.465763 240.633460 0.000000
345.542796 247.766127 0.000000
345.186163 255.968695 0.000000
330.564194 246.339594 0.000000
334.487161 257.038595 0.000000
338.053495 230.291092 0.000000
330.207561 230.647725 0.000000
326.284593 238.850293 0.000000
315.585592 245.269694 0.000000
355.528531 232.430892 0.000000
357.668331 223.871691 0.000000
384.415835 285.569266 0.000000
391.191869 273.800364 0.000000
200.571327 203.067760 0.000000
192.012126 194.151926 0.000000
200.571327 191.655492 0.000000
202.711127 214.480029 0.000000
196.291726 223.395863 0.000000
198.788160 236.234665 0.000000
185.949358 221.969330 0.000000
189.515692 208.060628 0.000000
210.557061 203.424394 0.000000
216.976462 193.438659 0.000000
215.906562 183.096291 0.000000
211.983595 170.257489 0.000000
229.458631 181.313124 0.000000
230.885164 192.012126 0.000000
228.388730 202.354494 0.000000
251.569900 198.074893 0.000000
256.919401 188.802425 0.000000
266.548502 196.291726 0.000000
245.507133 182.026391 0.000000
257.276034 180.956491 0.000000
251.213267 174.893723 0.000000
251.926534 164.551355 0.000000
259.415835 169.900856 0.000000
236.947932 172.753923 0.000000
239.087732 160.628388 0.000000
228.745364 162.054922 0.000000
227.318830 148.146220 0.000000
210.913695 155.278887 0.000000
257.276034 159.915121 0.000000
251.213267 153.495720 0.000000
257.276034 147.076320 0.000000
261.199001 138.517118 0.000000
269.401569 130.314551 0.000000
255.492867 126.391583 0.000000
243.723966 126.391583 0.000000
238.374465 134.237518 0.000000
248.716833 133.880884 0.000000
248.003566 117.475749 0.000000
255.849501 113.196148 0.000000
250.856633 104.993581 0.000000
245.863766 111.412981 0.000000
262.268902 103.923680 0.000000
267.975036 115.692582 0.000000
276.177603 119.615549 0.000000
271.541369 140.300285 0.000000
279.030670 143.866619 0.000000
277.247504 153.852354 0.000000
285.806705 155.278887 0.000000
294.722539 150.999287 0.000000
293.296006 136.020685 0.000000
300.785307 128.531384 0.000000
303.638374 135.307418 0.000000
306.491441 128.174750 0.000000
315.763909 131.027817 0.000000
313.624108 138.160485 0.000000
311.127675 146.363053 0.000000
308.274608 156.348787 0.000000
289.729672 114.568546 0.000000
283.666904 111.002212 0.000000
285.806705 103.156278 0.000000
294.009272 95.666977 0.000000
308.274608 114.925179 0.000000
315.050642 103.512911 0.000000
257.989301 91.387376 0.000000
245.863766 87.821042 0.000000
236.234665 97.450144 0.000000
225.535663 111.002212 0.000000
222.325963 95.310343 0.000000
216.263195 102.799644 0.000000
331.455777 91.030743 0.000000
307.917974 193.324213 0.000000
332.169044 202.240048 0.000000
333.952211 181.555312 0.000000
341.441512 175.135911 0.000000
346.791013 167.289977 0.000000
354.636947 171.926211 0.000000
354.280314 181.198679 0.000000
348.930813 192.254313 0.000000
353.923680 202.240048 0.000000
361.769615 195.820647 0.000000
366.049215 186.904813 0.000000
372.825250 180.485412 0.000000
372.825250 169.073144 0.000000
364.622682 149.101674 0.000000
363.552782 138.402673 0.000000
353.923680 149.101674 0.000000
382.810984 148.745041 0.000000
482.490014 332.076206 0.000000
477.853780 343.131840 0.000000
468.581312 319.950671 0.000000
481.420114 321.377204 0.000000
484.986448 302.832268 0.000000
479.993581 282.860799 0.000000
478.923680 268.238830 0.000000
487.482882 258.253096 0.000000
451.819544 269.308731 0.000000
450.749643 287.497033 0.000000
435.414408 272.875064 0.000000
433.631241 287.853666 0.000000
419.722539 269.308731 0.000000
479.993581 230.435692 0.000000
489.979315 212.247390 0.000000
480.706847 204.758089 0.000000
478.210414 214.387190 0.000000
455.742511 213.317290 0.000000
452.532810 206.897889 0.000000
445.043509 202.261655 0.000000
428.995007 206.541256 0.000000
412.233238 214.030557 0.000000
404.387304 211.534123 0.000000
394.401569 214.387190 0.000000
390.835235 196.198887 0.000000
414.016405 192.989187 0.000000
428.995007 194.772354 0.000000
423.645506 187.283053 0.000000
430.064907 188.352953 0.000000
433.631241 183.003452 0.000000
438.267475 191.919287 0.000000
447.183310 192.275920 0.000000
463.588445 188.352953 0.000000
467.154779 198.695321 0.000000
473.217546 184.073353 0.000000
475.357347 196.912154 0.000000
478.567047 174.800885 0.000000
465.371612 174.087618 0.000000
456.455777 166.241683 0.000000
454.315977 179.080485 0.000000
445.400143 177.297318 0.000000
442.190442 169.451384 0.000000
470.007846 162.675350 0.000000
485.699715 164.458517 0.000000
492.119116 153.751442 0.000000
481.776748 140.556007 0.000000
479.993581 146.618775 0.000000
472.504280 142.695807 0.000000
467.511412 148.758575 0.000000
459.308845 143.052441 0.000000
459.665478 152.681542 0.000000
455.029244 154.464709 0.000000
491.762482 141.269274 0.000000
410.806705 153.751442 0.000000
464.301712 128.353067 0.000000
456.099144 132.276034 0.000000
443.260342 126.569900 0.000000
437.197575 125.143367 0.000000
431.134807 131.562767 0.000000
426.498573 116.940799 0.000000
447.539943 113.374465 0.000000
438.624108 115.157632 0.000000
455.385877 116.940799 0.000000
412.233238 121.933666 0.000000
414.373039 112.304565 0.000000
405.813837 108.024964 0.000000
416.869472 103.388730 0.000000
422.575606 106.598431 0.000000
422.575606 106.598431 0.000000
434.344508 97.325963 0.000000
425.072040 96.256063 0.000000
435.414408 86.983595 0.000000
440.763909 80.920827 0.000000
435.414408 76.997860 0.000000
441.477175 70.578459 0.000000
451.819544 65.585592 0.000000
457.169044 106.955064 0.000000
472.147646 103.745364 0.000000
472.504280 112.304565 0.000000
482.846648 98.752496 0.000000
482.846648 107.311698 0.000000
492.832382 101.962197 0.000000
492.475749 92.333096 0.000000
490.335949 84.130528 0.000000
491.762482 75.927960 0.000000
486.056348 60.236091 0.000000
464.658345 59.879458 0.000000
468.224679 49.180456 0.000000
483.916548 53.460057 0.000000
496.755350 55.599857 0.000000
385.842368 115.870899 0.000000
380.492867 123.360200 0.000000
374.430100 109.808131 0.000000
358.024964 118.010699 0.000000
347.682596 117.297432 0.000000
352.318830 127.639800 0.000000
343.402996 122.290300 0.000000
329.137660 119.437233 0.000000
336.983595 113.374465 0.000000
340.906562 103.745364 0.000000
380.849501 94.116262 0.000000
386.912268 101.962197 0.000000
392.261769 89.836662 0.000000
390.478602 79.850927 0.000000
399.751070 80.207561 0.000000
396.184736 71.291726 0.000000
407.240371 71.291726 0.000000
398.324536 62.019258 0.000000
410.093438 65.228959 0.000000
417.939372 73.431526 0.000000
419.009272 85.557061 0.000000
426.141940 70.578459 0.000000
424.358773 63.802425 0.000000
382.632668 56.313124 0.000000
384.415835 65.228959 0.000000
378.709700 63.445792 0.000000
370.150499 73.074893 0.000000
356.598431 74.858060 0.000000
349.465763 76.997860 0.000000
359.451498 67.012126 0.000000
341.263195 84.843795 0.000000
340.906562 65.942225 0.000000
332.703994 54.886591 0.000000
321.648359 59.166191 0.000000
309.166191 59.522825 0.000000
305.599857 49.180456 0.000000
285.271755 49.537090 0.000000
279.208987 53.816690 0.000000
490.692582 36.341655 0.000000
466.798146 37.054922 0.000000
465.728245 21.363053 0.000000
458.238944 28.139087 0.000000
452.176177 48.467190 0.000000
438.624108 54.886591 0.000000
438.267475 48.110556 0.000000
440.763909 39.194722 0.000000
441.477175 30.278887 0.000000
442.547076 20.649786 0.000000
454.672611 10.664051 0.000000
468.581312 6.027817 0.000000
481.420114 14.587019 0.000000
482.846648 22.076320 0.000000
488.196148 12.090585 0.000000
489.622682 2.818117 0.000000
498.181883 12.447218 0.000000
496.398716 21.006419 0.000000
427.211840 25.999287 0.000000
420.792439 33.131954 0.000000
420.792439 42.404422 0.000000
410.093438 38.838088 0.000000
399.751070 38.838088 0.000000
394.401569 43.830956 0.000000
409.023538 27.069187 0.000000
398.681170 26.355920 0.000000
397.611270 17.083452 0.000000
414.729672 16.013552 0.000000
424.358773 7.810984 0.000000
412.589872 1.748217 0.000000
384.415835 24.216120 0.000000
378.709700 30.992154 0.000000
379.066334 38.481455 0.000000
365.514265 39.907989 0.000000
356.598431 43.474322 0.000000
346.612696 50.963623 0.000000
342.333096 42.047789 0.000000
353.032097 32.062054 0.000000
358.024964 24.216120 0.000000
332.703994 26.355920 0.000000
346.256063 17.796719 0.000000
349.465763 22.076320 0.000000
354.815264 9.950785 0.000000
342.333096 7.097718 0.000000
308.452924 27.069187 0.000000
315.228959 35.628388 0.000000
317.012126 43.117689 0.000000
305.599857 41.334522 0.000000
297.040656 27.425820 0.000000
290.621255 20.649786 0.000000
301.320257 16.370185 0.000000
304.529957 3.531384 0.000000
312.019258 15.656919 0.000000
353.812842 459.857923 0.000000
354.154372 470.103825 0.000000
484.277322 450.978142 0.000000
479.154372 435.609290 0.000000
481.886612 420.923497 0.000000
486.668033 470.445355 0.000000
496.572404 480.691257 0.000000
149.919399 102.275956 0.000000
439.878415 242.303279 0.000000
431.340164 238.204918 0.000000
429.632514 308.218579 0.000000
309.072404 359.789617 0.000000
