190.559445 35.449082 2.000000
131.774769 40.733098 2.000000
196.834214 102.175207 2.000000
193.861955 116.706250 2.000000
196.834214 78.397136 2.000000
135.077279 78.727386 2.000000
117.243725 78.066885 2.000000
166.451123 130.445989 2.000000
158.525099 227.209529 2.000000
173.386394 222.255764 2.000000
187.587186 207.064218 2.000000
147.957067 169.415605 2.000000
83.558124 158.187072 2.000000
133.426024 227.209529 2.000000
143.003303 244.712831 2.000000
234.482827 288.507904 2.000000
209.383752 389.894958 2.000000
224.905548 417.966292 2.000000
238.776090 468.284311 2.000000
155.222589 417.607001 2.000000
108.657199 413.974240 2.000000
63.743065 339.337517 2.000000
18.828930 341.319022 2.000000
300.037802 30.047379 2.000000
258.426253 255.175608 2.000000
301.358882 254.845357 2.000000
277.580581 304.496037 2.000000
297.065390 301.854029 2.000000
253.142008 377.481506 2.000000
263.379789 386.728534 2.000000
316.881196 411.992734 2.000000
314.899690 428.505284 2.000000
331.412239 433.459049 2.000000
316.550945 321.834214 2.000000
453.607734 276.259577 2.000000
481.018566 262.719287 2.000000
450.965726 471.437913 2.000000
482.997457 93.258616 2.000000
453.605118 139.493754 2.000000
107.005945 8.142527 3.000000
184.284676 1.433230 3.000000
214.998018 11.671011 3.000000
202.448481 31.486070 3.000000
224.245046 57.921574 3.000000
240.097094 91.276924 3.000000
239.436592 104.817215 3.000000
235.143329 122.320517 3.000000
178.009908 92.597928 3.000000
127.481506 176.681127 3.000000
223.254293 139.362765 3.000000
245.711361 134.739251 3.000000
235.143329 210.366728 3.000000
243.399604 206.403716 3.000000
224.245046 213.338987 3.000000
232.171070 234.805302 3.000000
183.293923 250.657349 3.000000
78.604359 226.549027 3.000000
228.538309 302.708696 3.000000
196.834214 305.020453 3.000000
184.614927 312.285975 3.000000
211.695509 420.938551 3.000000
177.019155 400.462990 3.000000
234.152576 450.120506 3.000000
227.877807 467.623809 3.000000
141.682299 345.612285 3.000000
5.288639 361.794584 3.000000
351.887182 10.508021 3.000000
336.695636 17.443292 3.000000
334.053628 26.690319 3.000000
352.217433 25.699566 3.000000
360.473708 28.671825 3.000000
368.069480 27.681072 3.000000
364.436719 36.267598 3.000000
433.459176 25.369315 3.000000
451.953232 28.341574 3.000000
434.780180 43.533120 3.000000
445.348212 44.193622 3.000000
393.168556 61.036422 3.000000
358.822453 67.971693 3.000000
348.914923 74.576713 3.000000
343.300656 81.842235 3.000000
395.150062 72.925458 3.000000
375.004751 76.558219 3.000000
382.600524 96.373279 3.000000
391.847552 92.740518 3.000000
401.094579 91.089263 3.000000
440.394447 86.796000 3.000000
251.160732 266.073890 3.000000
250.500230 247.249584 3.000000
284.846333 285.558699 3.000000
279.232066 263.431882 3.000000
257.435500 231.727787 3.000000
421.900494 210.591724 3.000000
436.761788 187.804406 3.000000
438.413043 163.365832 3.000000
459.218856 177.566625 3.000000
465.823876 195.730429 3.000000
444.027310 242.626070 3.000000
445.018063 101.278646 3.000000
464.172621 100.618144 3.000000
442.376055 111.846678 3.000000
431.477773 114.158435 3.000000
440.724800 120.763454 3.000000
430.487020 134.964247 3.000000
401.094681 123.405462 3.000000
383.591379 111.516427 3.000000
371.041841 116.800443 3.000000
357.831802 162.375079 3.000000
366.748578 161.054075 3.000000
352.878037 171.622107 3.000000
358.822555 187.474155 3.000000
376.325857 183.511143 3.000000
307.303400 79.482081 3.000000
299.377147 319.027081 3.000000
236.299207 329.595112 3.000000
272.296565 441.550198 3.000000
229.034432 490.592470 3.000000
368.070099 419.588507 3.000000
380.289386 423.881770 3.000000
374.344868 383.921400 3.000000
351.887801 331.081242 3.000000
403.079333 333.062748 3.000000
448.323718 297.065390 3.000000
407.042344 434.119551 3.000000
470.447919 29.520174 3.000000
470.117668 68.489791 3.000000
91.814399 42.054102 4.000000
41.616248 47.998620 4.000000
68.696830 141.674522 4.000000
53.505284 167.434100 4.000000
361.794814 115.809690 4.000000
359.483057 133.312992 4.000000
352.217535 151.807048 4.000000
329.905738 383.355191 0.000000
332.637978 371.743169 0.000000
422.289617 471.128415 0.000000
321.196721 472.494536 0.000000
136.087432 294.215847 0.000000
413.239071 275.090164 0.000000
358.252732 316.073770 0.000000
319.318306 298.997268 0.000000
314.878415 311.975410 0.000000
324.441257 236.155738 0.000000
313.512295 264.844262 0.000000
475.397541 245.718579 0.000000
492.474044 199.270492 0.000000
498.280055 166.825137 0.000000
62.829235 406.579235 0.000000
24.919399 402.139344 0.000000
189.195355 394.967213 0.000000
227.788251 170.240437 0.000000
385.916667 124.816940 0.000000
385.233607 31.579235 0.000000
394.796448 40.459016 0.000000
