7.762389 7.602392 1.000000
159.020476 4.132761 1.000000
161.662483 19.324306 1.000000
162.983487 28.571334 1.000000
181.477543 40.460370 1.000000
195.348085 35.176354 1.000000
191.385073 25.929326 1.000000
196.008587 14.040291 1.000000
178.835535 58.293923 1.000000
193.366579 64.238441 1.000000
180.817041 74.806473 1.000000
162.322985 76.127477 1.000000
145.810436 73.485469 1.000000
137.884412 101.887054 1.000000
145.810436 117.739102 1.000000
151.094452 137.554161 1.000000
159.680978 162.653236 1.000000
147.131440 168.597754 1.000000
164.304491 180.486790 1.000000
179.496037 182.468296 1.000000
188.743065 192.375826 1.000000
157.038970 196.999339 1.000000
139.205416 183.128798 1.000000
197.990092 210.869881 1.000000
176.854029 201.622853 1.000000
151.094452 210.209379 1.000000
146.470938 237.289960 1.000000
148.452444 252.481506 1.000000
165.625495 242.573976 1.000000
156.047617 268.856620 1.000000
159.680378 289.001931 1.000000
162.322386 314.431257 1.000000
145.479585 308.156488 1.000000
133.590550 285.369170 1.000000
159.019876 343.163093 1.000000
142.507326 351.089117 1.000000
128.306534 326.980795 1.000000
119.720008 322.357281 1.000000
118.729255 345.805101 1.000000
128.636785 363.638655 1.000000
110.142729 360.996647 1.000000
97.593192 351.089117 1.000000
96.272188 318.724520 1.000000
88.346164 339.860583 1.000000
75.136124 342.172340 1.000000
61.926085 335.237070 1.000000
69.521857 310.137994 1.000000
79.759638 307.495986 1.000000
53.009308 302.211970 1.000000
62.916838 303.863225 1.000000
42.771527 309.147241 1.000000
55.981567 269.186871 1.000000
49.706798 289.662433 1.000000
32.863997 293.295194 1.000000
18.332954 298.579210 1.000000
23.947221 284.378417 1.000000
14.039691 283.057413 1.000000
31.211058 262.316919 1.000000
28.238799 240.850605 1.000000
9.414493 240.282946 1.000000
2.809543 215.289311 1.000000
8.754061 198.116260 1.000000
10.405316 172.356682 1.000000
50.037629 67.416613 1.000000
108.492151 90.231954 1.000000
101.887131 155.951901 1.000000
85.374581 186.334993 1.000000
308.624385 19.423116 1.000000
303.670620 7.864331 1.000000
320.183170 23.716379 1.000000
326.127687 38.907924 1.000000
332.072205 59.713737 1.000000
324.146181 72.593525 1.000000
303.010118 60.043988 1.000000
290.130329 64.667501 1.000000
274.938784 66.979258 1.000000
311.926895 85.143063 1.000000
301.358863 102.316114 1.000000
291.121082 85.473314 1.000000
276.920290 91.417832 1.000000
256.113890 101.990186 1.000000
277.249954 118.172485 1.000000
236.629082 97.366673 1.000000
227.382054 107.934704 1.000000
211.199756 101.659935 1.000000
224.409795 139.638799 1.000000
218.795528 156.151349 1.000000
246.206361 141.950556 1.000000
257.434894 130.061521 1.000000
262.058408 150.537082 1.000000
242.903851 164.407624 1.000000
278.240707 170.682393 1.000000
294.092754 183.562181 1.000000
286.827233 192.148707 1.000000
264.370165 201.065484 1.000000
278.570958 215.596527 1.000000
274.938197 236.402340 1.000000
233.656823 231.448575 1.000000
227.051803 242.016607 1.000000
245.876110 255.226646 1.000000
270.975185 254.566144 1.000000
251.820628 269.757690 1.000000
259.416400 288.912247 1.000000
254.462635 281.646725 1.000000
227.712305 282.307227 1.000000
221.767787 304.103793 1.000000
258.425647 304.103793 1.000000
284.845727 312.029817 1.000000
247.858828 316.300543 1.000000
267.343636 318.942551 1.000000
223.090004 333.803846 1.000000
223.090004 318.942551 1.000000
236.630294 358.902921 1.000000
223.090004 368.480200 1.000000
272.297401 347.674388 1.000000
317.541787 324.226567 1.000000
350.236635 303.090504 1.000000
236.961081 382.600396 1.000000
241.914846 370.050859 1.000000
289.801240 363.115588 1.000000
334.054872 302.349406 1.000000
363.447210 314.898943 1.000000
343.301900 320.182959 1.000000
344.953155 336.365258 1.000000
366.749720 332.732497 1.000000
358.823697 352.547556 1.000000
343.301900 366.087847 1.000000
343.301900 386.233157 1.000000
358.823697 385.572655 1.000000
372.033736 398.122193 1.000000
382.271517 410.671731 1.000000
368.070724 427.844782 1.000000
342.641398 424.872523 1.000000
329.431358 441.385073 1.000000
318.533076 424.542272 1.000000
307.965044 450.632100 1.000000
348.585916 449.971598 1.000000
376.657250 445.678336 1.000000
372.363987 367.078600 1.000000
323.486841 347.263540 1.000000
310.937303 346.933289 1.000000
300.369271 369.060106 1.000000
291.122243 394.819683 1.000000
273.697894 400.467787 0.000000
268.334925 392.177675 1.000000
262.720658 370.711361 1.000000
258.757646 384.581902 1.000000
254.464384 400.433950 1.000000
395.315059 456.246367 1.000000
376.490753 463.181638 1.000000
389.040291 475.070674 1.000000
394.654557 487.950462 1.000000
379.463012 483.326948 1.000000
420.744386 441.054822 1.000000
443.861955 472.428666 1.000000
450.466975 432.798547 1.000000
463.677015 468.135403 1.000000
469.621532 455.255614 1.000000
479.198811 444.357332 1.000000
474.905548 486.299207 1.000000
460.044254 487.289960 1.000000
447.164465 493.564729 1.000000
434.614927 448.650594 1.000000
426.688904 469.126156 1.000000
420.414135 492.573976 1.000000
65.889696 5.618890 2.000000
102.547556 15.526420 2.000000
96.603115 88.580699 2.000000
89.337593 112.358771 2.000000
75.797302 106.414253 2.000000
42.111701 100.469735 2.000000
53.670486 205.159299 2.000000
55.982479 225.702507 2.000000
83.063060 212.492467 2.000000
83.063060 227.684013 2.000000
84.714315 243.205809 2.000000
109.152889 253.113339 2.000000
479.859313 4.867375 2.000000
436.596433 19.728669 2.000000
411.497358 57.047031 2.000000
410.176354 42.515988 2.000000
404.892338 30.296701 2.000000
371.206737 57.047031 2.000000
372.857992 74.550334 2.000000
355.684941 93.704891 2.000000
481.510568 55.199155 2.000000
454.760238 52.226896 2.000000
459.053501 74.683964 2.000000
465.658520 78.646976 2.000000
489.436592 82.279737 2.000000
484.813078 121.579604 2.000000
461.365258 102.425047 2.000000
443.861955 116.956091 2.000000
421.735139 91.526764 2.000000
321.669089 144.984808 2.000000
424.377147 164.139366 2.000000
387.719287 124.839498 2.000000
349.822397 199.501427 2.000000
324.144793 205.920827 2.000000
312.019258 264.765335 2.000000
321.648359 277.247504 2.000000
409.380171 223.039230 2.000000
406.170471 236.591298 2.000000
398.681170 234.094864 2.000000
419.009272 122.967713 2.000000
424.715407 113.695245 2.000000
455.029244 147.932050 2.000000
489.979315 166.120352 2.000000
491.405849 146.505516 2.000000
460.378745 209.272991 2.000000
463.945078 218.188826 2.000000
477.497147 233.880694 2.000000
485.699715 243.866429 2.000000
491.762482 214.265859 2.000000
481.776748 207.846458 2.000000
410.450071 197.504090 2.000000
386.912268 219.971993 2.000000
452.176177 263.481265 2.000000
419.722539 247.789396 2.000000
416.512839 258.131764 2.000000
429.351641 280.956301 2.000000
386.555635 275.250167 2.000000
409.736805 291.655302 2.000000
417.582739 305.564004 2.000000
472.147646 291.655302 2.000000
477.497147 311.626772 2.000000
487.482882 308.417071 2.000000
414.016405 348.086955 2.000000
398.681170 337.031320 2.000000
405.100571 356.289523 2.000000
411.876605 325.262419 2.000000
421.862340 325.619052 2.000000
438.267475 324.192518 2.000000
453.246077 328.472119 2.000000
455.742511 353.436456 2.000000
441.833809 355.576256 2.000000
438.267475 368.415058 2.000000
454.315977 378.044159 2.000000
84.714003 5.288639 3.000000
98.584525 30.098251 3.000000
118.729836 25.804988 3.000000
127.316361 23.493231 3.000000
99.575278 43.308291 3.000000
88.346744 35.052016 3.000000
78.108964 49.252809 3.000000
61.596414 40.996534 3.000000
54.661143 46.280550 3.000000
36.167088 59.490589 3.000000
90.988848 73.389154 3.000000
98.914872 101.790739 3.000000
100.235876 120.284794 3.000000
107.831649 135.146089 3.000000
49.046972 85.938691 3.000000
35.836933 86.599193 3.000000
62.917514 92.213460 3.000000
34.185678 107.405006 3.000000
47.065466 133.825085 3.000000
58.624251 133.494834 3.000000
54.000737 152.319141 3.000000
67.541028 150.337635 3.000000
79.430063 148.356129 3.000000
105.850143 169.161941 3.000000
89.007342 169.492192 3.000000
95.942613 178.408969 3.000000
72.164542 186.665244 3.000000
65.889773 177.748467 3.000000
82.072071 197.893777 3.000000
74.806549 202.187040 3.000000
61.926761 195.251769 3.000000
71.174025 254.104092 3.000000
105.850379 228.014264 3.000000
368.730065 8.855084 3.000000
399.608322 55.395776 3.000000
412.157860 81.815855 3.000000
398.617569 84.457863 3.000000
360.968956 68.605816 3.000000
369.225231 96.677150 3.000000
369.885733 107.245182 3.000000
392.012550 110.547692 3.000000
378.802510 117.152711 3.000000
349.740423 109.226688 3.000000
360.308454 126.069488 3.000000
473.254293 121.579604 3.000000
458.392999 120.919102 3.000000
429.000661 104.736804 3.000000
317.706077 131.444518 3.000000
353.703435 141.682299 3.000000
372.290300 147.400661 3.000000
325.214693 180.567566 3.000000
342.333096 160.628388 3.000000
355.528531 162.411555 3.000000
365.157632 156.348787 3.000000
377.639800 177.746790 3.000000
389.052068 184.879458 3.000000
363.374465 195.221826 3.000000
328.067760 231.955064 3.000000
356.955064 230.171897 3.000000
322.004993 253.709700 3.000000
379.422967 255.136234 3.000000
384.059201 232.311698 3.000000
399.394437 145.792249 3.000000
381.206134 146.148883 3.000000
411.876605 143.295816 3.000000
420.792439 134.379981 3.000000
426.498573 140.442749 3.000000
470.364479 151.498384 3.000000
476.070613 165.763719 3.000000
452.889444 195.364289 3.000000
449.679743 213.909225 3.000000
443.260342 235.663861 3.000000
450.393010 245.649596 3.000000
473.574180 224.251593 3.000000
418.296006 283.096101 3.000000
406.527104 281.669568 3.000000
496.755350 274.893533 3.000000
498.181883 262.054732 3.000000
333.417261 145.435616 3.000000
464.658345 353.793089 3.000000
468.224679 391.952861 3.000000
475.357347 387.316627 3.000000
479.636947 404.078396 3.000000
360.521398 270.471469 4.000000
69.318306 81.784153 0.000000
64.195355 112.863388 0.000000
56.681694 104.325137 0.000000
127.378415 58.218579 0.000000
109.277322 52.412568 0.000000
79.222678 96.811475 0.000000
82.979508 83.833333 0.000000
155.042350 151.114754 0.000000
4.769126 490.595628 0.000000
23.894809 494.010929 0.000000
159.482240 363.887978 0.000000
78.881148 364.229508 0.000000
86.736339 324.270492 0.000000
103.471311 316.756831 0.000000
47.801913 336.907104 0.000000
40.629781 332.125683 0.000000
233.594262 340.663934 0.000000
415.288251 469.420765 0.000000
451.148907 276.926606 0.000000
402.993169 176.516770 0.000000
384.209016 166.953929 0.000000
359.960383 179.590541 0.000000
419.386612 199.057754 0.000000
473.348361 195.172131 0.000000
497.255464 180.486339 0.000000
