53.523466 0.579979 1.000000
67.061372 2.836297 1.000000
90.978339 14.117885 1.000000
98.198556 36.229798 1.000000
110.382671 28.107055 1.000000
112.638989 49.064236 1.000000
88.722022 53.576871 1.000000
92.783394 63.504669 1.000000
113.992780 72.529940 1.000000
89.624549 188.554384 1.000000
100.906137 198.482182 1.000000
117.151625 209.763771 1.000000
127.981949 199.384709 1.000000
145.581227 189.005648 1.000000
146.484000 220.343962 1.000000
164.083278 209.062373 1.000000
178.974974 199.134575 1.000000
181.231292 191.011832 1.000000
192.512881 214.928799 1.000000
199.733097 234.784395 1.000000
191.159090 244.712193 1.000000
165.437068 235.235658 1.000000
172.206021 223.502806 1.000000
223.650065 233.881868 1.000000
157.316629 12.164395 1.000000
169.500744 5.395442 1.000000
238.092802 3.139124 1.000000
192.063921 2.687861 1.000000
236.739011 26.604828 1.000000
224.554896 35.630099 1.000000
224.554896 53.229377 1.000000
232.226376 64.510966 1.000000
240.800383 68.121074 1.000000
244.861755 49.619269 1.000000
183.941226 98.624055 1.000000
184.392490 87.342466 1.000000
164.085631 75.609614 1.000000
168.598266 47.631275 1.000000
210.114512 111.710697 1.000000
228.616317 95.013947 1.000000
206.053140 60.717918 1.000000
210.114512 44.923694 1.000000
216.883465 66.584344 1.000000
206.053140 75.158351 1.000000
251.641543 203.583448 1.000000
259.313023 236.976950 1.000000
273.302193 219.828935 1.000000
291.803998 228.854206 1.000000
287.742626 240.135795 1.000000
307.598221 237.879477 1.000000
316.172229 246.002221 1.000000
302.634323 220.280199 1.000000
336.027824 216.670091 1.000000
335.125297 230.659260 1.000000
350.016994 232.013051 1.000000
350.919521 209.901138 1.000000
404.168619 201.327130 1.000000
301.280532 182.825325 1.000000
285.035045 190.496806 1.000000
283.681254 174.251318 1.000000
263.825658 185.532907 1.000000
288.645153 157.554567 1.000000
289.096416 141.760343 1.000000
297.219160 130.478755 1.000000
278.266091 125.966120 1.000000
266.984503 134.991390 1.000000
252.995333 127.319910 1.000000
266.081976 115.587058 1.000000
252.544070 104.305470 1.000000
276.912301 90.316300 1.000000
292.706525 107.464315 1.000000
289.096416 71.363232 1.000000
272.850929 73.619549 1.000000
298.572951 72.717022 1.000000
327.002554 77.680921 1.000000
339.186669 95.280199 1.000000
352.273312 72.717022 1.000000
345.955622 62.789224 1.000000
341.442987 44.738683 1.000000
364.908691 75.875867 1.000000
377.092806 74.070813 1.000000
399.655983 72.265759 1.000000
395.594611 57.374062 1.000000
392.887030 43.384892 1.000000
394.240821 92.572618 1.000000
351.370785 99.341571 1.000000
366.262481 91.218827 1.000000
371.677644 110.623159 1.000000
376.641543 124.161065 1.000000
379.800387 138.601499 1.000000
359.493528 153.041932 1.000000
383.410496 161.164676 1.000000
389.276922 153.041932 1.000000
367.616272 165.226047 1.000000
361.749846 176.507636 1.000000
348.663203 183.276589 1.000000
343.248041 161.164676 1.000000
331.063925 148.980560 1.000000
316.172229 156.200777 1.000000
315.720965 170.641210 1.000000
318.879810 182.825325 1.000000
322.941182 197.265759 1.000000
345.955622 197.717022 1.000000
360.847319 198.168286 1.000000
375.739016 186.435434 1.000000
393.338294 193.655650 1.000000
381.154178 208.547347 1.000000
400.558510 161.615939 1.000000
411.840099 158.457094 1.000000
406.424936 142.662871 1.000000
396.915615 129.566094 1.000000
345.955622 124.612329 1.000000
337.832878 113.782004 1.000000
320.233600 117.392112 1.000000
310.757066 111.074423 1.000000
322.941182 105.659260 1.000000
423.589815 37.877678 1.000000
453.824472 4.032912 1.000000
472.777541 27.047353 1.000000
490.376819 14.863237 1.000000
491.279346 30.206197 1.000000
487.669238 65.856017 1.000000
495.791981 43.744104 1.000000
475.033859 49.159266 1.000000
447.055519 54.123165 1.000000
432.163823 60.892118 1.000000
442.994147 81.650241 1.000000
452.470682 102.408363 1.000000
435.773931 102.859627 1.000000
447.055519 121.812696 1.000000
456.532054 133.545548 1.000000
439.835303 132.191757 1.000000
447.055519 145.729663 1.000000
459.239635 167.390313 1.000000
466.008588 148.437244 1.000000
452.019418 189.502226 1.000000
493.084400 188.599699 1.000000
491.730610 162.877678 1.000000
478.192703 155.206197 1.000000
494.438191 86.614140 1.000000
479.503891 425.572418 1.000000
490.334216 416.547148 1.000000
479.503891 411.131985 1.000000
442.049017 413.388303 1.000000
409.106779 406.619350 1.000000
405.045407 395.337761 1.000000
418.583314 387.215018 1.000000
391.925978 403.702530 1.000000
452.879342 344.796245 1.000000
440.243963 361.041732 1.000000
461.002086 366.005631 1.000000
489.431689 373.225848 1.000000
499.810750 392.178917 1.000000
481.308945 393.081444 1.000000
474.539992 380.446065 1.000000
479.961773 314.513490 1.000000
466.423867 331.210241 1.000000
54.877256 80.251135 2.000000
33.667870 58.590486 2.000000
47.205776 175.467742 2.000000
34.119134 196.174789 2.000000
76.537906 272.438327 2.000000
106.321300 299.062875 2.000000
88.270758 332.456377 2.000000
110.382671 319.369735 2.000000
110.382671 331.102587 2.000000
58.036101 364.044825 2.000000
95.490975 366.700361 2.000000
62.097473 411.826715 2.000000
69.317690 459.209386 2.000000
148.288809 352.259928 2.000000
163.180505 376.628159 2.000000
179.425993 313.451264 2.000000
191.610108 305.779783 2.000000
202.891697 318.866426 2.000000
210.563177 382.494585 2.000000
219.137184 410.924188 2.000000
229.967509 458.758123 2.000000
205.148014 475.906137 2.000000
462.355877 465.734873 2.000000
488.077898 474.308880 2.000000
482.660089 241.613163 2.000000
432.955526 258.309914 2.000000
416.775612 285.836990 2.000000
458.291857 248.833380 2.000000
422.636988 312.020632 2.000000
418.575617 326.912329 2.000000
383.828324 326.912329 2.000000
360.813884 349.024243 2.000000
332.835544 344.962871 2.000000
320.643144 295.498082 2.000000
323.350725 310.389779 2.000000
280.029425 302.267035 2.000000
287.249642 312.646096 2.000000
282.282017 399.191336 2.000000
294.917396 473.198556 2.000000
326.054580 451.086643 2.000000
324.700789 468.685921 2.000000
359.899345 445.220217 2.000000
353.130392 460.111913 2.000000
403.233588 469.137184 2.000000
382.926729 465.978339 2.000000
72.025271 123.572435 3.000000
109.931408 160.576045 3.000000
98.198556 154.709619 3.000000
16.068592 133.951496 3.000000
124.548293 185.362753 3.000000
6.592058 175.867930 3.000000
72.476534 239.044825 3.000000
77.440433 252.131467 3.000000
75.184116 262.510529 3.000000
91.429603 280.561070 3.000000
196.125293 20.287139 3.000000
345.922187 360.305831 3.000000
302.600887 349.475506 3.000000
308.467313 331.424965 3.000000
241.220761 293.693028 3.000000
312.065410 387.909747 3.000000
263.328948 370.310469 3.000000
258.365049 427.620939 3.000000
319.285627 426.267148 3.000000
396.464635 430.779783 3.000000
364.280975 237.218975 4.000000
391.114763 217.638191 4.000000
491.688007 403.911769 4.000000
483.571881 302.329375 4.000000
471.387766 317.672335 4.000000
437.487705 339.639344 0.000000
461.053279 294.215847 0.000000
372.596995 3.573770 0.000000
353.129781 8.355191 0.000000
368.840164 29.871585 0.000000
467.542350 8.355191 0.000000
428.607923 168.874317 0.000000
426.558743 188.683060 0.000000
421.777322 142.918033 0.000000
434.755464 145.991803 0.000000
459.004098 77.344262 0.000000
173.143443 30.554645 0.000000
171.435792 17.576503 0.000000
162.556011 36.702186 0.000000
152.993169 40.459016 0.000000
78.539617 30.213115 0.000000
157.433060 96.469945 0.000000
136.258197 106.715847 0.000000
167.678962 134.379781 0.000000
56.340164 148.724044 0.000000
85.370219 147.357923 0.000000
61.463115 139.502732 0.000000
54.290984 131.647541 0.000000
75.465847 154.188525 0.000000
297.801913 256.306011 0.000000
290.288251 273.040984 0.000000
263.990437 303.778689 0.000000
278.334699 256.989071 0.000000
202.515027 264.844262 0.000000
220.957650 266.210383 0.000000
241.449454 273.382514 0.000000
236.326503 257.672131 0.000000
175.875683 284.311475 0.000000
186.121585 278.505464 0.000000
368.498634 293.191257 0.000000
367.815574 310.950820 0.000000
214.127049 147.357923 0.000000
238.034153 142.234973 0.000000
241.449454 175.021858 0.000000
227.105191 157.262295 0.000000
209.345628 129.939891 0.000000
305.657104 205.418033 0.000000
424.509563 120.718579 0.000000
422.118852 101.592896 0.000000
440.561475 30.896175 0.000000
444.318306 13.136612 0.000000
134.892077 281.920765 0.000000
153.676230 292.166667 0.000000
126.012295 320.855191 0.000000
197.050546 188.341530 0.000000
239.058743 124.816940 0.000000
