476.357401 16.068592 1.000000
452.440433 4.787004 1.000000
475.003610 29.155235 1.000000
476.808664 37.729242 1.000000
472.296029 49.462094 1.000000
489.444043 69.317690 1.000000
480.870036 89.624549 1.000000
465.075812 97.747292 1.000000
455.599278 84.660650 1.000000
435.743682 78.794224 1.000000
421.303249 59.841155 1.000000
452.440433 52.620939 1.000000
441.158845 46.754513 1.000000
430.779783 14.714801 1.000000
421.303249 29.606498 1.000000
417.241877 14.263538 1.000000
382.945848 23.288809 1.000000
384.750903 35.472924 1.000000
376.628159 44.046931 1.000000
354.516245 32.765343 1.000000
346.844765 54.425993 1.000000
372.115523 17.873646 1.000000
323.830325 18.776173 1.000000
310.292419 10.202166 1.000000
311.646209 29.155235 1.000000
323.830325 40.888087 1.000000
298.559567 47.205776 1.000000
287.729242 32.314079 1.000000
294.046931 19.227437 1.000000
280.057762 12.007220 1.000000
267.422383 21.032491 1.000000
259.299639 35.021661 1.000000
278.252708 41.790614 1.000000
260.202166 49.462094 1.000000
268.776173 69.768953 1.000000
287.277978 63.000000 1.000000
310.743682 61.646209 1.000000
293.144404 70.671480 1.000000
314.353791 79.696751 1.000000
293.595668 96.393502 1.000000
265.617329 104.516245 1.000000
262.458484 88.722022 1.000000
278.703971 113.541516 1.000000
302.169675 126.628159 1.000000
331.501805 113.992780 1.000000
344.137184 90.527076 1.000000
361.736462 97.747292 1.000000
384.750903 108.126354 1.000000
391.519856 93.685921 1.000000
414.083032 80.148014 1.000000
430.779783 104.516245 1.000000
413.180505 116.700361 1.000000
402.350181 135.202166 1.000000
398.740072 154.155235 1.000000
387.909747 158.216606 1.000000
398.740072 170.400722 1.000000
382.494585 178.974729 1.000000
388.812274 195.671480 1.000000
382.043321 215.075812 1.000000
368.956679 211.916968 1.000000
367.602888 226.357401 1.000000
379.787004 236.285199 1.000000
407.765343 243.956679 1.000000
370.310469 265.166065 1.000000
355.418773 257.494585 1.000000
361.736462 241.700361 1.000000
341.880866 282.765343 1.000000
345.942238 264.263538 1.000000
321.574007 257.945848 1.000000
314.805054 247.115523 1.000000
329.245487 230.418773 1.000000
320.220217 220.490975 1.000000
314.805054 187.097473 1.000000
320.220217 162.729242 1.000000
355.418773 170.400722 1.000000
355.418773 151.898917 1.000000
302.620939 152.350181 1.000000
298.559567 175.364621 1.000000
292.693141 198.830325 1.000000
269.227437 150.545126 1.000000
245.761733 145.129964 1.000000
217.332130 164.534296 1.000000
288.631769 259.299639 1.000000
309.389892 276.898917 1.000000
259.750903 278.703971 1.000000
249.371841 252.530686 1.000000
206.501805 254.335740 1.000000
222.747292 235.833935 1.000000
211.465704 217.332130 1.000000
385.653430 305.328520 1.000000
366.700361 314.353791 1.000000
331.953069 305.779783 1.000000
301.267148 308.938628 1.000000
490.797834 242.602888 1.000000
476.808664 262.007220 1.000000
479.967509 276.898917 1.000000
462.368231 271.032491 1.000000
444.317690 285.021661 1.000000
430.779783 290.436823 1.000000
417.241877 293.144404 1.000000
422.657040 308.487365 1.000000
449.732852 310.743682 1.000000
471.844765 308.487365 1.000000
489.444043 300.364621 1.000000
424.010830 321.122744 1.000000
403.703971 321.122744 1.000000
422.657040 336.014440 1.000000
405.057762 339.624549 1.000000
382.043321 338.722022 1.000000
380.689531 326.989170 1.000000
365.797834 362.187726 1.000000
252.079422 16.971119 1.000000
246.212996 54.425993 1.000000
235.833935 73.830325 1.000000
243.505415 84.209386 1.000000
249.823105 70.671480 1.000000
229.064982 103.162455 1.000000
179.877256 87.819495 1.000000
175.057023 67.865539 1.000000
220.942238 87.368231 1.000000
222.296029 36.826715 1.000000
219.588448 53.523466 1.000000
166.790614 52.620939 1.000000
149.191336 49.462094 1.000000
139.087086 32.830916 1.000000
153.252708 19.678700 1.000000
166.790614 25.545126 1.000000
138.361011 17.422383 1.000000
119.407942 23.740072 1.000000
106.321300 15.166065 1.000000
99.101083 30.057762 1.000000
110.382671 34.119134 1.000000
98.198556 48.108303 1.000000
81.501805 35.472924 1.000000
125.725632 59.389892 1.000000
114.444043 76.989170 1.000000
95.490975 74.732852 1.000000
78.342960 71.574007 1.000000
62.548736 68.415162 1.000000
140.617329 82.855596 1.000000
149.191336 68.866426 1.000000
139.714801 96.393502 1.000000
162.729242 98.198556 1.000000
153.252708 107.675090 1.000000
169.046931 114.444043 1.000000
138.361011 108.577617 1.000000
120.761733 106.321300 1.000000
100.003610 100.003610 1.000000
115.346570 121.664260 1.000000
102.711191 126.628159 1.000000
109.480144 135.653430 1.000000
166.790614 128.433213 1.000000
143.776173 133.397112 1.000000
180.328520 139.714801 1.000000
188.451264 164.534296 1.000000
138.361011 149.191336 1.000000
131.140794 164.534296 1.000000
106.772563 150.545126 1.000000
87.819495 154.606498 1.000000
99.552347 186.646209 1.000000
112.187726 172.205776 1.000000
127.530686 187.548736 1.000000
104.516245 204.245487 1.000000
76.537906 185.292419 1.000000
88.722022 203.342960 1.000000
61.646209 176.267148 1.000000
100.454874 219.588448 1.000000
148.740072 214.624549 1.000000
150.093863 200.635379 1.000000
168.078831 204.003462 1.000000
173.559567 230.870036 1.000000
193.866426 231.321300 1.000000
70.671480 22.386282 1.000000
53.072202 16.971119 1.000000
56.231047 38.180505 1.000000
50.815884 52.169675 1.000000
39.534296 45.851986 1.000000
39.985560 61.646209 1.000000
15.617329 41.339350 1.000000
7.494585 67.512635 1.000000
7.494585 90.075812 1.000000
25.996390 84.209386 1.000000
36.826715 121.212996 1.000000
43.595668 139.714801 1.000000
82.855596 135.202166 1.000000
77.440433 105.418773 1.000000
64.353791 90.075812 1.000000
16.519856 9.299639 1.000000
54.877256 230.418773 1.000000
3.433213 217.332130 1.000000
29.155235 222.296029 1.000000
34.570397 238.992780 1.000000
4.335740 236.736462 1.000000
155.959897 249.546495 1.000000
183.486972 247.290177 1.000000
135.653037 251.802813 1.000000
150.995998 269.853354 1.000000
160.021268 283.391260 1.000000
196.573615 280.683679 1.000000
213.270366 299.636748 1.000000
227.259536 314.979708 1.000000
248.468922 301.441802 1.000000
182.133182 306.856964 1.000000
155.959897 309.113282 1.000000
138.360619 296.026639 1.000000
118.505023 276.622307 1.000000
111.736070 260.828083 1.000000
96.844373 247.290177 1.000000
109.931016 228.788372 1.000000
95.941846 282.037470 1.000000
106.320907 291.965267 1.000000
78.342568 289.708950 1.000000
57.584445 264.889455 1.000000
39.082640 254.510394 1.000000
61.194554 243.228805 1.000000
233.588452 334.087427 1.000000
239.454878 345.820279 1.000000
243.516250 358.455658 1.000000
250.285203 368.834719 1.000000
234.942243 364.322084 1.000000
256.602892 402.679484 1.000000
262.469318 387.336524 1.000000
258.407946 433.365405 1.000000
272.848380 436.524250 1.000000
252.992784 458.184899 1.000000
257.054156 479.394286 1.000000
248.480149 494.285982 1.000000
240.808669 478.491759 1.000000
151.896858 457.542410 1.000000
162.275919 474.239161 1.000000
152.799385 482.361905 1.000000
152.799385 489.582122 1.000000
166.788555 498.156129 1.000000
127.077363 474.690425 1.000000
127.528627 459.007079 1.000000
106.770504 456.188620 1.000000
107.221768 443.101977 1.000000
94.586389 437.235551 1.000000
85.109854 439.943132 1.000000
63.449204 438.589342 1.000000
62.095414 425.502699 1.000000
45.398663 425.953963 1.000000
30.506966 416.026165 1.000000
13.810215 409.708475 1.000000
6.600392 394.447210 1.000000
238.541516 196.122744 3.000000
262.425697 219.346423 3.000000
285.021661 228.162455 3.000000
286.375451 248.469314 3.000000
243.054152 279.155235 3.000000
165.436823 179.877256 3.000000
442.512635 141.519856 4.000000
446.122744 162.439296 4.000000
470.942238 178.233520 4.000000
476.357401 158.829188 4.000000
492.602888 171.915831 4.000000
475.906137 186.807527 4.000000
461.014440 203.955542 4.000000
441.158845 192.673953 4.000000
438.902527 209.370704 4.000000
434.389892 194.930271 4.000000
430.779783 181.392365 4.000000
441.158845 173.269621 4.000000
452.440433 180.941101 4.000000
262.007220 192.963899 4.000000
144.227045 239.618697 4.000000
208.757044 418.303651 4.000000
218.684842 405.668272 4.000000
206.951990 396.191737 4.000000
192.060293 396.191737 4.000000
192.962820 410.632171 4.000000
198.829246 428.231449 4.000000
196.121665 438.159246 4.000000
196.121665 447.184517 4.000000
178.522387 436.354192 4.000000
179.876178 414.242279 4.000000
161.825636 421.462496 4.000000
146.933939 412.437225 4.000000
151.446575 396.643001 4.000000
135.201088 384.910149 4.000000
125.724553 400.704373 4.000000
124.370763 407.924589 4.000000
110.832856 402.960691 4.000000
91.879788 390.776575 4.000000
104.966430 389.422784 4.000000
110.832856 380.397514 4.000000
110.832856 369.115925 4.000000
91.879788 359.639391 4.000000
77.890618 353.321701 4.000000
75.634301 375.884878 4.000000
91.879788 378.141196 4.000000
83.757044 390.776575 4.000000
67.511557 353.321701 4.000000
55.327441 351.065384 4.000000
46.753434 347.004012 4.000000
35.020582 362.798236 4.000000
67.962820 325.794626 4.000000
48.107225 324.440835 4.000000
40.435745 310.902929 4.000000
35.923109 301.877658 4.000000
34.118055 292.852387 4.000000
27.335326 310.319801 4.000000
9.284784 304.904639 4.000000
7.028467 295.879368 4.000000
424.851093 376.524590 0.000000
419.386612 350.909836 0.000000
395.479508 347.494536 0.000000
353.471311 379.939891 0.000000
350.739071 403.505464 0.000000
357.911202 418.191257 0.000000
371.572404 428.095628 0.000000
426.217213 410.677596 0.000000
414.263661 410.677596 0.000000
435.096995 439.024590 0.000000
406.750000 429.803279 0.000000
414.263661 446.879781 0.000000
388.648907 447.904372 0.000000
430.998634 454.734973 0.000000
453.881148 454.051913 0.000000
471.640710 457.467213 0.000000
489.741803 455.076503 0.000000
491.449454 482.398907 0.000000
471.640710 481.374317 0.000000
445.684426 481.715847 0.000000
412.897541 484.106557 0.000000
388.648907 476.592896 0.000000
344.933060 480.349727 0.000000
347.665301 450.636612 0.000000
338.102459 437.658470 0.000000
324.782787 484.106557 0.000000
75.807377 498.792350 0.000000
60.096995 492.644809 0.000000
47.801913 479.666667 0.000000
23.894809 470.445355 0.000000
26.285519 483.423497 0.000000
10.575137 460.882514 0.000000
7.159836 487.521858 0.000000
42.337432 411.702186 0.000000
87.760929 455.418033 0.000000
301.217213 230.691257 0.000000
388.648907 259.038251 0.000000
