19.000000 39.000000 2.000000
25.000000 310.000000 2.000000
41.000000 24.990955 2.000000
51.000000 42.000000 2.000000
62.000000 8.000000 2.000000
77.000000 154.000000 2.000000
87.744347 53.497739 2.000000
90.000000 21.000000 2.000000
92.000000 155.000000 2.000000
97.000000 299.000000 2.000000
103.000000 177.000000 2.000000
106.000000 189.000000 2.000000
110.000000 156.000000 2.000000
115.000000 11.000000 2.000000
120.000000 144.000000 2.000000
120.000000 307.000000 2.000000
121.493216 18.246608 2.000000
128.000000 170.000000 2.000000
137.000000 193.000000 2.000000
137.000000 287.000000 2.000000
139.000000 266.000000 2.000000
153.000000 228.000000 2.000000
154.000000 2.000000 2.000000
158.497739 352.497739 2.000000
170.000000 313.000000 2.000000
177.000000 157.000000 2.000000
182.251131 202.748869 2.000000
191.000000 2.000000 2.000000
202.000000 202.000000 2.000000
229.000000 163.000000 2.000000
235.000000 285.000000 2.000000
283.000000 489.000000 2.000000
286.195848 288.157265 2.000000
289.881318 282.744810 2.000000
333.000000 75.000000 2.000000
345.000000 250.000000 2.000000
349.242085 21.242085 2.000000
359.748869 19.995477 2.000000
396.000000 350.000000 2.000000
398.000000 324.000000 2.000000
407.000000 44.000000 2.000000
411.744347 369.748869 2.000000
431.493216 97.251131 2.000000
439.000000 341.000000 2.000000
462.000000 365.000000 2.000000
469.000000 357.000000 2.000000
471.000000 347.000000 2.000000
472.000000 336.000000 2.000000
479.000000 106.000000 2.000000
490.748869 14.990955 2.000000
491.000000 342.000000 2.000000
1.000000 70.000000 3.000000
5.451038 52.293773 3.000000
12.412455 7.442456 3.000000
12.000000 31.000000 3.000000
13.000000 22.000000 3.000000
15.000000 50.000000 3.000000
21.000000 58.000000 3.000000
30.000000 11.000000 3.000000
31.000000 29.000000 3.000000
31.000000 47.000000 3.000000
34.246608 66.744347 3.000000
36.000000 2.000000 3.000000
39.000000 83.000000 3.000000
41.000000 56.000000 3.000000
48.000000 67.391697 3.000000
50.000000 54.000000 3.000000
51.000000 23.000000 3.000000
59.000000 92.000000 3.000000
59.000000 332.000000 3.000000
70.961417 60.097924 3.000000
67.000000 27.000000 3.000000
78.000000 304.000000 3.000000
88.000000 80.000000 3.000000
92.000000 88.000000 3.000000
95.000000 43.000000 3.000000
99.000000 76.000000 3.000000
105.000000 47.000000 3.000000
106.000000 276.000000 3.000000
111.000000 35.000000 3.000000
113.000000 76.000000 3.000000
114.000000 52.000000 3.000000
129.246608 10.995477 3.000000
141.000000 12.000000 3.000000
158.246608 264.744347 3.000000
171.000000 329.000000 3.000000
184.000000 269.000000 3.000000
211.000000 145.000000 3.000000
212.000000 5.000000 3.000000
224.000000 6.000000 3.000000
232.000000 2.000000 3.000000
236.000000 138.000000 3.000000
304.000000 32.000000 3.000000
316.000000 292.000000 3.000000
344.000000 309.000000 3.000000
358.000000 326.000000 3.000000
415.000000 311.000000 3.000000
415.246608 138.995477 3.000000
66.000000 146.000000 4.000000
226.000000 25.000000 4.000000
244.000000 474.000000 4.000000
260.000000 305.000000 4.000000
374.744347 95.000000 4.000000
379.757915 360.990955 4.000000
412.000000 86.000000 4.000000
444.000000 492.000000 4.000000
