8.097668 25.929326 1.000000
23.289213 29.231836 1.000000
17.344695 8.756275 1.000000
54.993308 8.095773 1.000000
44.755528 26.920079 1.000000
60.277324 18.333554 1.000000
30.224484 57.303170 1.000000
36.169002 66.550198 1.000000
13.381683 59.614927 1.000000
19.986703 78.108983 1.000000
33.526994 80.420740 1.000000
15.032938 69.852708 1.000000
62.589081 51.028402 1.000000
103.874442 31.873844 1.000000
98.920677 46.404888 1.000000
120.717243 58.954425 1.000000
161.007864 6.774769 1.000000
172.236397 7.765522 1.000000
169.924640 30.552840 1.000000
177.520413 35.506605 1.000000
187.427943 46.404888 1.000000
195.178831 93.209016 1.000000
207.067867 102.786295 1.000000
208.719122 139.113904 1.000000
195.839333 116.656836 1.000000
171.731011 107.740059 1.000000
159.841975 120.619848 1.000000
137.715159 113.024075 1.000000
131.770641 122.931605 1.000000
179.657035 134.490390 1.000000
195.509082 146.049174 1.000000
211.361130 160.249967 1.000000
191.876321 154.305449 1.000000
190.885569 164.543230 1.000000
160.502477 162.891975 1.000000
139.366414 154.635700 1.000000
152.246203 149.351684 1.000000
120.211857 143.076915 1.000000
116.909347 158.928963 1.000000
146.962187 175.111262 1.000000
163.474736 184.028038 1.000000
129.458884 175.111262 1.000000
130.119386 186.670046 1.000000
147.292438 190.302807 1.000000
98.085040 181.386030 1.000000
186.922780 177.397656 1.000000
117.570072 200.515225 1.000000
139.366637 204.478237 1.000000
152.906928 203.487484 1.000000
164.465713 213.725265 1.000000
174.703493 209.101751 1.000000
180.978262 218.348779 1.000000
152.576677 220.990787 1.000000
145.971657 236.842834 1.000000
125.826347 230.568065 1.000000
110.634801 215.376520 1.000000
82.893718 198.863970 1.000000
93.792001 195.561460 1.000000
92.470914 209.195093 1.000000
160.172367 252.457972 1.000000
173.712657 243.871447 1.000000
166.447136 230.000905 1.000000
190.555458 245.522702 1.000000
179.326924 260.383996 1.000000
184.280689 251.467219 1.000000
205.416752 262.035251 1.000000
189.234454 270.952028 1.000000
135.733793 253.118474 1.000000
119.551495 244.862200 1.000000
101.057439 250.146215 1.000000
103.369196 257.081486 1.000000
122.854005 265.998263 1.000000
163.144626 284.822569 1.000000
141.348060 284.822569 1.000000
126.817017 293.409095 1.000000
161.493371 262.365502 1.000000
154.888574 326.489076 1.000000
159.512088 319.223554 1.000000
169.419618 314.600041 1.000000
185.932167 317.572299 1.000000
184.280912 331.773092 1.000000
170.080120 338.708363 1.000000
185.601916 344.652881 1.000000
198.151454 335.736104 1.000000
205.086725 346.304136 1.000000
216.645509 332.763845 1.000000
214.333753 354.230159 1.000000
227.874043 349.606646 1.000000
245.047095 352.248654 1.000000
244.386593 373.054466 1.000000
256.275628 372.063713 1.000000
269.815919 377.017478 1.000000
274.109182 362.156183 1.000000
278.402445 347.625140 1.000000
287.319221 375.696474 1.000000
299.868759 384.283000 1.000000
346.106175 391.746140 1.000000
331.575132 380.847857 1.000000
316.713837 385.141120 1.000000
357.664960 419.817474 1.000000
361.958223 401.653670 1.000000
319.686096 353.106774 1.000000
301.522292 351.125268 1.000000
324.309610 339.566483 1.000000
189.732637 429.238568 1.000000
170.578080 428.578066 1.000000
168.596574 408.763006 1.000000
146.139507 405.460496 1.000000
147.790762 440.797352 1.000000
135.241224 440.136850 1.000000
127.975702 421.642795 1.000000
113.114408 410.744512 1.000000
111.793404 432.210826 1.000000
102.216125 409.093257 1.000000
126.654698 391.259704 1.000000
109.151396 378.379915 1.000000
94.620352 377.058911 1.000000
89.996838 398.525225 1.000000
68.200273 350.638832 1.000000
72.163285 373.756401 1.000000
46.733958 362.527867 1.000000
46.403707 376.728660 1.000000
56.641488 385.975688 1.000000
83.061567 417.019281 1.000000
81.080062 442.448607 1.000000
59.942569 423.294216 1.000000
69.850099 426.926977 1.000000
62.584577 444.100028 1.000000
58.951816 454.668060 1.000000
47.723282 424.945471 1.000000
32.531737 427.257228 1.000000
41.118263 398.525392 1.000000
22.954458 379.701085 1.000000
18.330944 383.994348 1.000000
20.642701 400.837149 1.000000
10.074669 399.846396 1.000000
14.037681 434.853001 1.000000
31.540984 453.016805 1.000000
43.760271 477.455379 1.000000
30.880482 483.730147 1.000000
8.423414 447.072287 1.000000
9.414167 464.575590 1.000000
8.093164 474.813371 1.000000
6.441385 489.108336 1.000000
163.643989 470.447160 1.000000
167.607001 482.996697 1.000000
187.422061 496.206737 1.000000
137.554161 492.078600 1.000000
125.004624 475.896301 1.000000
116.748349 477.877807 1.000000
312.257146 455.354424 1.000000
282.864808 449.079655 1.000000
267.012760 448.749404 1.000000
245.216195 436.530117 1.000000
232.996908 435.869615 1.000000
214.172602 430.255348 1.000000
216.484358 444.456141 1.000000
234.978414 457.666180 1.000000
242.904438 471.866973 1.000000
242.904438 489.370276 1.000000
255.123724 478.141742 1.000000
256.774979 490.030778 1.000000
272.627027 473.518228 1.000000
287.818572 492.342534 1.000000
230.030321 18.663804 2.000000
220.453042 5.453765 2.000000
273.293200 4.793263 2.000000
271.972196 17.342801 2.000000
275.604957 28.241083 2.000000
286.503240 74.145971 2.000000
281.219224 98.254293 2.000000
289.805750 110.473580 2.000000
249.515129 86.035007 2.000000
238.286595 84.714003 2.000000
254.799145 106.180317 2.000000
261.404165 118.399604 2.000000
283.200730 129.958388 2.000000
292.778009 142.177675 2.000000
258.762157 148.452444 2.000000
284.851985 175.863276 2.000000
277.256212 186.431308 2.000000
271.972196 188.412814 2.000000
241.258854 143.498679 2.000000
231.681576 166.616248 2.000000
244.231113 165.625495 2.000000
239.607599 181.477543 2.000000
232.672329 201.622853 2.000000
324.971598 21.636063 2.000000
339.172391 47.725892 2.000000
306.807794 47.065390 2.000000
320.678336 87.025760 2.000000
338.181638 84.053501 2.000000
350.070674 65.229194 2.000000
356.675694 87.025760 2.000000
377.481506 63.247688 2.000000
377.481506 80.420740 2.000000
368.564729 19.984808 2.000000
352.382431 13.710040 2.000000
409.846103 11.728534 2.000000
427.019155 30.222589 2.000000
428.670410 46.735139 2.000000
459.714003 2.811757 2.000000
459.383752 42.441876 2.000000
479.198811 53.009908 2.000000
486.464333 42.111625 2.000000
468.300528 55.321664 2.000000
468.300528 68.861955 2.000000
490.757596 95.942536 2.000000
457.071995 94.621532 2.000000
431.312417 77.448481 2.000000
449.806473 62.587186 2.000000
493.729855 121.371863 2.000000
474.245046 135.572655 2.000000
458.392999 145.480185 2.000000
454.099736 130.949141 2.000000
410.176354 111.794584 2.000000
427.679657 106.510568 2.000000
414.799868 86.365258 2.000000
425.698151 93.300528 2.000000
488.776058 171.068670 2.000000
492.078568 186.920718 2.000000
494.060074 203.433267 2.000000
469.621500 198.149251 2.000000
459.053469 170.077917 2.000000
440.559413 147.951101 2.000000
419.423350 137.383069 2.000000
406.543561 142.006583 2.000000
390.361263 134.741061 2.000000
368.234446 129.787296 2.000000
344.126124 131.768802 2.000000
359.647921 135.401563 2.000000
312.091778 109.641986 2.000000
305.156507 129.126794 2.000000
310.770806 165.495523 2.000000
361.959709 217.344929 2.000000
387.719287 201.492881 2.000000
407.534346 191.255101 2.000000
411.827609 178.375312 2.000000
398.947820 178.705563 2.000000
431.972919 200.171877 2.000000
429.661162 189.273595 2.000000
453.439234 206.776897 2.000000
467.970277 220.977690 2.000000
456.081242 232.866725 2.000000
468.300528 269.524585 2.000000
475.566050 283.064876 2.000000
482.501321 255.323793 2.000000
456.411493 278.441362 2.000000
456.081242 301.228680 2.000000
442.540951 304.200939 2.000000
414.469617 272.166593 2.000000
367.904227 277.120358 2.000000
355.684941 267.873330 2.000000
336.530383 257.305299 2.000000
335.209379 275.138852 2.000000
356.015192 306.512696 2.000000
340.493395 306.182445 2.000000
394.654557 225.601204 2.000000
414.139366 226.591957 2.000000
437.587186 242.444004 2.000000
474.245046 321.006610 2.000000
481.840819 343.793929 2.000000
492.739102 349.408196 2.000000
491.748349 337.188909 2.000000
495.381110 324.309120 2.000000
461.695509 369.223255 2.000000
449.806473 343.793929 2.000000
400.268824 318.694854 2.000000
389.370542 309.778077 2.000000
378.802510 307.466320 2.000000
374.509247 327.611630 2.000000
363.610964 336.858658 2.000000
431.312417 368.232502 2.000000
445.843461 371.535012 2.000000
440.229194 389.038315 2.000000
466.979524 386.396307 2.000000
465.328269 406.541617 2.000000
418.762880 382.433295 2.000000
497.362616 369.883757 2.000000
373.518494 375.167773 2.000000
287.651654 230.317560 2.000000
283.688642 248.811616 2.000000
225.894719 219.419277 2.000000
233.820743 238.243584 2.000000
263.213081 296.367758 2.000000
317.704494 291.413993 2.000000
328.603670 307.214152 2.000000
429.991413 440.559445 2.000000
427.349406 461.035007 2.000000
408.525099 475.566050 2.000000
451.127477 475.896301 2.000000
450.466975 452.118230 2.000000
475.566050 442.540951 2.000000
456.081242 493.308590 2.000000
208.564006 27.580581 3.000000
216.159779 36.827609 3.000000
238.286595 38.478864 3.000000
272.302447 74.806473 3.000000
286.833491 91.979524 3.000000
262.725169 104.859313 3.000000
224.085803 193.366579 3.000000
219.132038 177.514531 3.000000
164.135379 292.088091 3.000000
405.552840 50.037649 3.000000
376.160502 26.589828 3.000000
435.605680 18.994055 3.000000
453.108983 27.580581 3.000000
475.235799 77.118230 3.000000
486.794584 74.145971 3.000000
493.729855 86.695509 3.000000
440.559445 101.556803 3.000000
490.757596 135.572655 3.000000
446.834214 134.251651 3.000000
423.386394 125.334875 3.000000
387.389004 107.660480 3.000000
373.188211 114.595751 3.000000
333.558092 118.889014 3.000000
335.209347 142.006583 3.000000
316.054790 138.373822 3.000000
297.890985 55.811074 3.000000
301.854029 176.063555 3.000000
313.743065 194.557610 3.000000
315.724571 207.767650 3.000000
322.659841 218.996184 3.000000
332.567371 232.866725 3.000000
340.163144 223.619698 3.000000
344.456407 235.178482 3.000000
353.373184 245.746514 3.000000
357.005945 197.529869 3.000000
348.419419 206.446646 3.000000
370.876486 205.455893 3.000000
367.573976 192.906355 3.000000
380.453765 203.144136 3.000000
387.058785 187.292089 3.000000
383.756275 175.072802 3.000000
370.876486 166.156025 3.000000
356.675694 157.899750 3.000000
347.428666 156.578746 3.000000
372.197490 150.303978 3.000000
459.053501 249.709526 3.000000
395.315059 263.910318 3.000000
412.818362 210.409658 3.000000
429.000661 219.326435 3.000000
391.352048 237.159988 3.000000
403.241083 246.737267 3.000000
413.478864 247.067518 3.000000
450.797226 358.985474 3.000000
436.266182 340.491419 3.000000
434.614927 325.960375 3.000000
409.846103 330.253638 3.000000
417.772127 317.704101 3.000000
385.077279 338.840164 3.000000
383.756275 353.701459 3.000000
396.305812 338.179662 3.000000
418.102378 365.260243 3.000000
418.762880 353.371208 3.000000
428.670410 411.165131 3.000000
398.287318 397.955091 3.000000
408.855350 400.597099 3.000000
311.759977 272.589687 3.000000
299.540690 238.573835 3.000000
270.478603 264.333412 3.000000
258.919818 267.305671 3.000000
250.993794 277.543452 3.000000
226.885472 254.425882 3.000000
237.783755 260.370400 3.000000
229.527480 283.818221 3.000000
96.272787 493.564729 3.000000
111.794584 496.371863 3.000000
419.753633 474.905548 3.000000
426.688904 485.803831 3.000000
389.040291 496.371863 3.000000
387.389036 483.492074 3.000000
394.984808 465.658520 3.000000
384.086526 460.044254 3.000000
358.326948 443.201453 3.000000
458.723250 464.007266 3.000000
487.124835 439.238441 3.000000
489.106341 449.145971 3.000000
479.529062 471.272787 3.000000
497.362616 479.198811 3.000000
4.465251 194.661887 4.000000
100.902183 58.293923 4.000000
144.320319 273.263785 4.000000
314.401985 242.206596 4.000000
465.988771 452.778732 4.000000
31.066940 35.336066 0.000000
417.678962 62.316940 0.000000
