4.424375 14.977422 1.000000
2.000000 175.000000 1.000000
6.000000 144.000000 1.000000
8.000000 158.000000 1.000000
11.000000 190.000000 1.000000
14.000000 126.000000 1.000000
14.000000 211.000000 1.000000
18.000000 157.000000 1.000000
19.000000 138.000000 1.000000
26.000000 200.000000 1.000000
30.052027 480.597297 1.000000
29.000000 211.000000 1.000000
30.000000 185.000000 1.000000
34.000000 13.000000 1.000000
34.000000 463.000000 1.000000
37.000000 148.000000 1.000000
38.000000 201.000000 1.000000
42.000000 187.000000 1.000000
48.000000 442.000000 1.000000
55.000000 204.000000 1.000000
60.318282 183.424375 1.000000
67.106094 158.257343 1.000000
68.000000 210.000000 1.000000
70.000000 434.000000 1.000000
75.000000 190.000000 1.000000
76.000000 140.000000 1.000000
77.000000 66.000000 1.000000
77.000000 79.000000 1.000000
89.977422 90.575625 1.000000
86.000000 180.000000 1.000000
87.000000 199.000000 1.000000
92.000000 442.000000 1.000000
93.000000 121.000000 1.000000
95.000000 75.000000 1.000000
92.973986 494.272635 1.000000
96.000000 136.000000 1.000000
100.000000 55.000000 1.000000
101.000000 126.000000 1.000000
97.575625 183.106094 1.000000
107.318282 205.318282 1.000000
105.000000 39.000000 1.000000
106.000000 160.000000 1.000000
106.000000 479.000000 1.000000
108.106094 179.977422 1.000000
108.000000 458.000000 1.000000
111.000000 63.000000 1.000000
111.000000 442.000000 1.000000
114.000000 111.000000 1.000000
116.000000 7.000000 1.000000
116.000000 125.000000 1.000000
118.659141 88.318282 1.000000
117.000000 136.000000 1.000000
117.000000 149.000000 1.000000
121.000000 36.000000 1.000000
123.000000 168.000000 1.000000
119.128671 201.022578 1.000000
133.295704 15.575625 1.000000
127.000000 57.000000 1.000000
129.000000 191.000000 1.000000
130.000000 130.000000 1.000000
131.106094 156.469531 1.000000
136.000000 67.000000 1.000000
139.000000 189.000000 1.000000
142.000000 131.000000 1.000000
144.000000 86.000000 1.000000
145.000000 145.000000 1.000000
148.659141 179.424375 1.000000
151.000000 160.000000 1.000000
155.000000 66.000000 1.000000
161.977422 20.553047 1.000000
158.000000 11.000000 1.000000
159.000000 155.000000 1.000000
160.893906 49.530469 1.000000
163.000000 185.000000 1.000000
160.128671 115.363437 1.000000
171.424375 96.787812 1.000000
175.753378 491.402703 1.000000
174.000000 159.000000 1.000000
177.000000 9.000000 1.000000
181.871329 69.469531 1.000000
183.318282 44.151249 1.000000
176.022578 131.916484 1.000000
181.000000 171.000000 1.000000
184.000000 157.000000 1.000000
193.848751 86.787812 1.000000
190.530469 114.106094 1.000000
188.000000 5.000000 1.000000
190.893906 26.363437 1.000000
200.295704 137.189610 1.000000
196.000000 441.000000 1.000000
200.376689 486.649324 1.000000
203.000000 57.000000 1.000000
204.000000 437.000000 1.000000
205.022578 8.128671 1.000000
215.052027 476.078041 1.000000
204.257343 105.000000 1.000000
215.000000 88.000000 1.000000
215.234765 67.000000 1.000000
232.701351 470.078041 1.000000
233.675338 490.597297 1.000000
255.298649 480.727365 1.000000
271.000000 490.947973 1.000000
292.000000 365.000000 1.000000
295.000000 339.000000 1.000000
301.000000 318.000000 1.000000
295.597297 488.973986 1.000000
303.350676 328.675338 1.000000
308.675338 445.298649 1.000000
317.104054 495.623311 1.000000
317.078041 309.350676 1.000000
312.000000 293.000000 1.000000
312.947973 382.402703 1.000000
320.000000 363.000000 1.000000
321.000000 276.000000 1.000000
331.805405 407.000000 1.000000
322.000000 452.000000 1.000000
328.727365 292.675338 1.000000
327.350676 421.298649 1.000000
332.000000 435.000000 1.000000
344.779392 459.597297 1.000000
341.000000 237.000000 1.000000
346.402703 288.843919 1.000000
345.000000 319.000000 1.000000
350.000000 271.000000 1.000000
356.727365 302.921959 1.000000
355.701351 475.947973 1.000000
357.000000 243.000000 1.000000
359.272635 369.649324 1.000000
369.000000 332.000000 1.000000
373.701351 452.947973 1.000000
372.000000 230.000000 1.000000
375.701351 485.000000 1.000000
370.947973 276.895946 1.000000
381.052027 214.649324 1.000000
378.000000 474.000000 1.000000
380.000000 202.000000 1.000000
380.000000 401.000000 1.000000
385.000000 187.000000 1.000000
391.078041 260.623311 1.000000
385.000000 418.000000 1.000000
386.000000 441.000000 1.000000
393.078041 143.000000 1.000000
387.000000 305.000000 1.000000
400.805405 116.701351 1.000000
392.000000 175.000000 1.000000
393.000000 338.000000 1.000000
395.000000 197.000000 1.000000
395.000000 478.000000 1.000000
398.000000 89.000000 1.000000
389.895946 282.675338 1.000000
393.571284 128.947973 1.000000
402.000000 159.000000 1.000000
410.428716 105.026014 1.000000
410.402703 317.026014 1.000000
403.947973 223.649324 1.000000
413.727365 192.675338 1.000000
405.623311 243.973986 1.000000
412.701351 47.675338 1.000000
410.000000 123.000000 1.000000
411.000000 67.000000 1.000000
413.000000 307.000000 1.000000
413.000000 476.000000 1.000000
419.701351 23.597297 1.000000
419.026014 139.675338 1.000000
419.000000 212.000000 1.000000
424.701351 234.000000 1.000000
425.376689 257.675338 1.000000
431.779392 65.376689 1.000000
425.000000 81.000000 1.000000
417.571284 93.623311 1.000000
425.000000 120.000000 1.000000
428.350676 481.973986 1.000000
433.000000 184.000000 1.000000
433.000000 301.000000 1.000000
434.000000 10.000000 1.000000
440.052027 110.350676 1.000000
436.000000 200.000000 1.000000
437.000000 133.000000 1.000000
437.000000 282.000000 1.000000
444.701351 236.973986 1.000000
451.078041 267.324662 1.000000
446.000000 81.000000 1.000000
447.000000 32.000000 1.000000
448.000000 225.000000 1.000000
451.000000 213.000000 1.000000
459.078041 414.701351 1.000000
456.000000 487.000000 1.000000
463.727365 11.701351 1.000000
454.947973 324.921959 1.000000
460.000000 465.000000 1.000000
461.000000 441.000000 1.000000
462.000000 204.000000 1.000000
465.000000 223.000000 1.000000
457.895946 69.000000 1.000000
468.000000 242.000000 1.000000
460.194595 252.649324 1.000000
471.000000 304.000000 1.000000
468.973986 432.947973 1.000000
471.298649 388.973986 1.000000
473.973986 56.675338 1.000000
476.298649 188.947973 1.000000
480.000000 210.000000 1.000000
481.000000 46.000000 1.000000
483.000000 227.000000 1.000000
485.000000 346.000000 1.000000
485.000000 393.000000 1.000000
481.623311 410.376689 1.000000
489.376689 277.973986 1.000000
491.701351 14.921959 1.000000
490.000000 212.000000 1.000000
484.597297 445.675338 1.000000
491.000000 303.000000 1.000000
492.000000 3.000000 1.000000
492.000000 248.000000 1.000000
488.947973 482.000000 1.000000
498.000000 469.000000 1.000000
499.000000 36.000000 1.000000
499.000000 160.000000 1.000000
1.000000 482.000000 2.000000
4.000000 472.000000 2.000000
5.000000 463.000000 2.000000
7.000000 273.000000 2.000000
9.026458 346.000000 2.000000
16.000000 287.000000 2.000000
16.000000 435.000000 2.000000
19.000000 455.000000 2.000000
22.000000 302.000000 2.000000
22.000000 318.000000 2.000000
28.000000 260.000000 2.000000
28.000000 428.000000 2.000000
31.000000 325.000000 2.000000
32.000000 409.000000 2.000000
38.000000 247.000000 2.000000
38.000000 397.000000 2.000000
45.000000 355.000000 2.000000
46.000000 305.000000 2.000000
46.000000 326.000000 2.000000
55.000000 261.000000 2.000000
60.735898 246.676557 2.000000
60.000000 361.000000 2.000000
61.000000 275.000000 2.000000
69.000000 259.000000 2.000000
70.000000 351.000000 2.000000
76.646886 315.617216 2.000000
79.000000 409.000000 2.000000
82.000000 272.000000 2.000000
93.000000 341.000000 2.000000
96.000000 275.000000 2.000000
96.000000 351.000000 2.000000
102.000000 249.000000 2.000000
106.676557 275.293773 2.000000
108.000000 267.000000 2.000000
115.000000 339.000000 2.000000
117.000000 238.000000 2.000000
120.000000 302.000000 2.000000
120.000000 402.000000 2.000000
121.000000 378.000000 2.000000
124.000000 247.000000 2.000000
125.000000 272.000000 2.000000
129.000000 292.000000 2.000000
135.000000 350.000000 2.000000
139.000000 261.000000 2.000000
141.000000 374.000000 2.000000
145.000000 255.000000 2.000000
145.000000 297.000000 2.000000
152.000000 218.000000 2.000000
156.000000 243.000000 2.000000
160.000000 439.000000 2.000000
162.000000 223.000000 2.000000
165.000000 231.000000 2.000000
166.000000 302.000000 2.000000
172.000000 209.000000 2.000000
175.000000 421.000000 2.000000
179.000000 217.000000 2.000000
183.000000 308.000000 2.000000
188.000000 339.000000 2.000000
189.000000 349.000000 2.000000
192.000000 236.000000 2.000000
196.000000 194.000000 2.000000
197.000000 335.000000 2.000000
199.000000 306.000000 2.000000
204.000000 359.000000 2.000000
209.000000 184.000000 2.000000
211.000000 229.000000 2.000000
215.000000 258.000000 2.000000
216.000000 167.000000 2.000000
218.000000 205.000000 2.000000
223.000000 162.000000 2.000000
227.000000 324.000000 2.000000
238.000000 155.000000 2.000000
243.000000 220.000000 2.000000
244.000000 139.000000 2.000000
248.000000 201.000000 2.000000
249.000000 39.000000 2.000000
250.000000 83.000000 2.000000
254.000000 137.000000 2.000000
256.026014 243.324662 2.000000
257.000000 222.000000 2.000000
258.675338 1.649324 2.000000
263.000000 23.000000 2.000000
263.000000 179.000000 2.000000
266.000000 121.000000 2.000000
269.000000 59.000000 2.000000
271.000000 392.000000 2.000000
273.000000 139.000000 2.000000
273.000000 216.000000 2.000000
275.000000 127.000000 2.000000
277.000000 193.000000 2.000000
278.000000 25.000000 2.000000
278.000000 59.000000 2.000000
278.000000 409.000000 2.000000
282.000000 178.000000 2.000000
285.000000 88.000000 2.000000
286.000000 32.000000 2.000000
299.000000 32.000000 2.000000
300.000000 178.000000 2.000000
304.000000 123.000000 2.000000
307.000000 211.000000 2.000000
311.000000 70.000000 2.000000
314.000000 33.000000 2.000000
315.000000 173.000000 2.000000
317.000000 154.000000 2.000000
327.000000 111.000000 2.000000
329.000000 478.000000 2.000000
331.000000 21.000000 2.000000
336.000000 165.000000 2.000000
352.000000 493.000000 2.000000
353.000000 40.000000 2.000000
366.000000 37.000000 2.000000
390.000000 40.000000 2.000000
5.000000 387.000000 3.000000
7.000000 244.000000 3.000000
12.000000 329.000000 3.000000
34.000000 289.000000 3.000000
46.000000 385.000000 3.000000
55.679657 373.689399 3.000000
58.000000 339.000000 3.000000
73.000000 275.000000 3.000000
76.000000 397.000000 3.000000
82.000000 385.000000 3.000000
85.000000 306.000000 3.000000
87.000000 324.000000 3.000000
90.000000 366.000000 3.000000
90.000000 395.000000 3.000000
95.000000 381.000000 3.000000
106.000000 309.000000 3.000000
109.000000 290.000000 3.000000
123.000000 411.000000 3.000000
128.669914 339.009742 3.000000
129.000000 424.000000 3.000000
133.000000 311.000000 3.000000
134.669914 328.339828 3.000000
139.000000 414.000000 3.000000
147.000000 429.000000 3.000000
149.000000 366.000000 3.000000
151.000000 383.000000 3.000000
155.000000 311.000000 3.000000
156.548962 342.391697 3.000000
159.000000 290.000000 3.000000
161.000000 254.000000 3.000000
165.000000 369.000000 3.000000
173.000000 445.000000 3.000000
176.000000 325.000000 3.000000
180.000000 387.000000 3.000000
184.330086 295.669914 3.000000
186.000000 400.000000 3.000000
187.000000 259.000000 3.000000
192.000000 380.000000 3.000000
192.000000 422.000000 3.000000
195.000000 276.000000 3.000000
195.000000 323.000000 3.000000
197.000000 400.000000 3.000000
201.000000 375.000000 3.000000
201.000000 390.000000 3.000000
202.000000 317.000000 3.000000
202.000000 420.000000 3.000000
200.609290 217.975410 0.000000
205.000000 284.000000 3.000000
204.009742 297.339828 3.000000
211.000000 331.000000 3.000000
212.000000 387.000000 3.000000
215.000000 280.000000 3.000000
219.000000 361.000000 3.000000
219.000000 409.000000 3.000000
222.000000 308.646886 3.000000
224.000000 184.000000 3.000000
225.000000 289.000000 3.000000
227.000000 245.000000 3.000000
228.000000 215.000000 3.000000
229.000000 175.000000 3.000000
229.000000 367.000000 3.000000
230.000000 340.000000 3.000000
232.000000 278.000000 3.000000
233.000000 384.000000 3.000000
233.000000 433.000000 3.000000
234.000000 203.000000 3.000000
234.000000 307.000000 3.000000
237.000000 405.000000 3.000000
239.000000 421.000000 3.000000
240.000000 262.000000 3.000000
241.000000 361.000000 3.000000
243.000000 229.000000 3.000000
244.000000 252.000000 3.000000
245.000000 19.000000 3.000000
244.323443 278.774481 3.000000
245.000000 307.000000 3.000000
245.000000 432.000000 3.000000
246.000000 369.000000 3.000000
249.000000 387.000000 3.000000
252.000000 123.000000 3.000000
252.000000 349.000000 3.000000
252.009742 265.009742 3.000000
254.000000 322.000000 3.000000
254.000000 441.000000 3.000000
257.000000 93.000000 3.000000
257.000000 363.000000 3.000000
258.000000 58.000000 3.000000
258.000000 190.000000 3.000000
258.000000 298.000000 3.000000
258.000000 454.000000 3.000000
259.000000 375.000000 3.000000
259.000000 393.000000 3.000000
262.000000 105.000000 3.000000
263.000000 279.000000 3.000000
265.000000 75.000000 3.000000
266.000000 413.000000 3.000000
270.000000 250.000000 3.000000
270.000000 447.000000 3.000000
273.000000 101.000000 3.000000
273.000000 420.000000 3.000000
280.000000 79.000000 3.000000
280.000000 160.000000 3.000000
281.000000 439.000000 3.000000
286.000000 135.000000 3.000000
289.000000 49.000000 3.000000
290.000000 156.000000 3.000000
294.000000 95.000000 3.000000
297.000000 452.000000 3.000000
306.000000 140.000000 3.000000
308.000000 88.000000 3.000000
312.000000 107.000000 3.000000
317.000000 18.000000 3.000000
317.000000 84.000000 3.000000
318.000000 126.000000 3.000000
326.000000 97.000000 3.000000
329.000000 129.000000 3.000000
334.000000 2.000000 3.000000
340.000000 25.000000 3.000000
342.026014 126.324662 3.000000
344.000000 76.000000 3.000000
345.000000 93.000000 3.000000
346.000000 13.000000 3.000000
355.000000 114.000000 3.000000
361.000000 52.000000 3.000000
29.000000 58.000000 4.000000
50.000000 472.000000 4.000000
54.000000 499.000000 4.000000
56.000000 456.000000 4.000000
59.000000 489.000000 4.000000
74.000000 496.000000 4.000000
75.000000 457.000000 4.000000
87.000000 472.000000 4.000000
487.000000 82.000000 4.000000
499.000000 66.000000 4.000000
191.000000 368.000000 4.000000
362.000000 349.000000 4.000000
457.000000 350.000000 4.000000
207.296448 220.445355 0.000000
117.474044 229.325137 0.000000
77.173497 262.112022 0.000000
65.219945 168.532787 0.000000
