52.467139 421.028437 2.000000
102.259928 350.454874 2.000000
99.552347 342.332130 2.000000
64.353791 351.808664 2.000000
28.703971 359.931408 2.000000
25.093863 372.566787 2.000000
26.447653 392.873646 2.000000
24.642599 452.891697 2.000000
47.899065 440.982393 2.000000
54.910043 449.700065 2.000000
66.158845 479.967509 2.000000
71.574007 484.931408 2.000000
86.014440 470.942238 2.000000
87.368231 482.675090 2.000000
96.393502 466.880866 2.000000
100.454874 485.382671 2.000000
109.028881 473.649819 2.000000
109.931408 493.956679 2.000000
122.566787 490.346570 2.000000
130.238267 473.649819 2.000000
129.335740 446.122744 2.000000
106.321300 452.891697 2.000000
158.667870 407.314079 2.000000
168.595668 421.303249 2.000000
125.934870 362.099500 2.000000
172.657040 350.906137 2.000000
306.907942 16.745487 2.000000
258.171480 22.160650 2.000000
258.171480 5.012635 2.000000
124.259025 161.262635 2.000000
131.704874 154.493682 2.000000
137.120036 167.129061 2.000000
156.073105 159.457581 2.000000
160.811372 144.340253 2.000000
107.336643 144.114621 2.000000
100.342058 142.986462 2.000000
93.798736 142.760830 2.000000
87.481047 142.309567 2.000000
100.116426 120.874549 2.000000
93.573105 118.392599 2.000000
78.230144 140.955776 2.000000
69.204874 144.565884 2.000000
75.071300 126.515343 2.000000
81.953069 87.819495 2.000000
90.075812 64.353791 2.000000
94.588448 77.891697 2.000000
106.321300 76.086643 2.000000
102.259928 57.133574 2.000000
114.895307 56.231047 2.000000
131.052568 22.716533 2.000000
135.202166 19.678700 2.000000
142.873646 19.678700 2.000000
161.826715 27.801444 2.000000
201.989170 39.083032 2.000000
202.891697 47.205776 2.000000
201.989170 75.184116 2.000000
196.122744 87.368231 2.000000
191.610108 127.079422 2.000000
60.743682 44.498195 2.000000
46.126797 414.413283 3.000000
78.519412 406.356113 3.000000
86.014440 382.494585 3.000000
103.613718 369.859206 3.000000
84.506851 333.846349 3.000000
49.462094 359.480144 3.000000
9.750903 363.090253 3.000000
30.960289 460.981654 3.000000
6.317246 440.795807 3.000000
137.007220 389.263538 3.000000
152.350181 386.104693 3.000000
144.227437 371.664260 3.000000
156.411552 366.700361 3.000000
163.180505 359.028881 3.000000
126.628159 342.783394 3.000000
153.703971 336.465704 3.000000
169.949458 336.465704 3.000000
288.303138 83.773894 0.000000
272.254636 97.325963 0.000000
262.625535 114.087732 0.000000
248.360200 122.290300 0.000000
252.639800 137.268902 0.000000
253.353067 151.177603 0.000000
243.723966 146.184736 0.000000
276.534237 37.054922 0.000000
299.715407 37.768188 0.000000
274.037803 64.872325 0.000000
259.772468 77.711127 0.000000
231.955064 86.983595 0.000000
226.605563 53.460057 0.000000
233.381598 62.019258 0.000000
448.253210 37.387811 0.000000
428.995007 70.554715 0.000000
431.848074 33.464844 0.000000
405.100571 83.750151 0.000000
396.184736 106.574687 0.000000
364.800999 111.924188 0.000000
347.325963 141.168125 0.000000
333.417261 153.293660 0.000000
315.228959 169.698795 0.000000
308.096291 183.607497 0.000000
494.258916 140.656919 0.000000
486.412981 149.216120 0.000000
472.860913 164.194722 0.000000
475.713980 179.173324 0.000000
454.672611 179.529957 0.000000
456.455777 191.655492 0.000000
486.412981 253.353067 0.000000
451.106277 219.829529 0.000000
443.260342 246.872882 0.000000
441.833809 259.711684 0.000000
447.539943 272.193852 0.000000
447.183310 294.305121 0.000000
445.756776 283.962753 0.000000
446.470043 308.213823 0.000000
444.330243 317.486291 0.000000
446.826676 333.534793 0.000000
451.106277 373.834365 0.000000
443.616976 369.911398 0.000000
467.511412 372.407832 0.000000
476.070613 356.715963 0.000000
491.405849 363.491997 0.000000
494.615549 343.877161 0.000000
481.420114 297.963107 0.000000
484.629815 281.201338 0.000000
466.798146 89.480029 0.000000
468.937946 59.166191 0.000000
457.525678 64.515692 0.000000
465.728245 44.900856 0.000000
478.923680 28.495720 0.000000
479.636947 94.116262 0.000000
492.119116 87.696862 0.000000
460.735378 110.521398 0.000000
453.959344 110.878031 0.000000
433.987874 97.325963 0.000000
433.987874 126.213267 0.000000
431.134807 147.254636 0.000000
440.407275 169.722539 0.000000
422.575606 173.645506 0.000000
417.939372 171.505706 0.000000
417.226106 159.023538 0.000000
386.199001 168.296006 0.000000
392.261769 151.177603 0.000000
398.681170 137.268902 0.000000
386.912268 135.842368 0.000000
370.863766 141.905136 0.000000
373.003566 164.729672 0.000000
365.157632 162.589872 0.000000
386.199001 202.889444 0.000000
397.254636 192.547076 0.000000
418.652639 199.323110 0.000000
397.967903 235.209166 0.000000
390.121969 224.153531 0.000000
363.374465 225.580064 0.000000
361.947932 216.307597 0.000000
358.024964 208.461662 0.000000
345.542796 208.461662 0.000000
342.689729 205.251962 0.000000
333.060628 227.719865 0.000000
322.718260 220.587197 0.000000
330.207561 188.490193 0.000000
325.927960 176.008024 0.000000
363.731098 127.149251 0.000000
395.828103 270.872504 0.000000
386.199001 281.214872 0.000000
377.283167 291.557240 0.000000
385.485735 304.039408 0.000000
389.408702 294.053674 0.000000
375.856633 244.125000 0.000000
349.109130 260.173502 0.000000
340.549929 250.187768 0.000000
332.347361 278.005171 0.000000
323.788160 287.277639 0.000000
313.802425 295.123574 0.000000
308.809558 304.039408 0.000000
322.718260 320.444544 0.000000
317.368759 327.577211 0.000000
355.885164 317.667457 0.000000
352.675464 289.493420 0.000000
314.872325 274.871451 0.000000
305.599857 265.242350 0.000000
302.033524 256.326516 0.000000
302.390157 230.292279 0.000000
291.691155 252.046915 0.000000
285.271755 243.131081 0.000000
268.153352 248.123948 0.000000
258.880884 262.389283 0.000000
251.034950 253.830082 0.000000
244.972183 266.668884 0.000000
234.273181 262.745917 0.000000
229.993581 253.116815 0.000000
284.558488 333.715959 0.000000
350.535663 334.178016 0.000000
346.612696 356.645919 0.000000
341.976462 349.869884 0.000000
323.074893 367.701553 0.000000
322.004993 374.834221 0.000000
321.648359 359.142352 0.000000
323.788160 338.100983 0.000000
333.773894 376.617388 0.000000
338.053495 366.631653 0.000000
358.381598 376.974021 0.000000
363.374465 380.183722 0.000000
371.577033 380.183722 0.000000
390.478602 380.896989 0.000000
403.317404 401.938358 0.000000
393.331669 347.730084 0.000000
402.960770 355.932652 0.000000
378.353067 345.946917 0.000000
369.437233 342.380583 0.000000
395.471469 328.471882 0.000000
405.100571 319.912680 0.000000
324.501427 402.247504 0.000000
292.404422 415.799572 0.000000
298.823823 422.575606 0.000000
308.096291 425.785307 0.000000
307.383024 445.756776 0.000000
274.216120 466.798146 0.000000
288.124822 489.622682 0.000000
275.286020 493.902282 0.000000
323.074893 475.357347 0.000000
330.564194 456.099144 0.000000
334.130528 435.057775 0.000000
327.711127 425.428673 0.000000
346.969330 427.925107 0.000000
371.577033 447.896576 0.000000
348.752496 460.022111 0.000000
312.732525 496.755350 0.000000
384.415835 481.776748 0.000000
399.751070 477.140514 0.000000
396.184736 431.848074 0.000000
391.548502 411.876605 0.000000
424.002140 402.247504 0.000000
455.385877 420.435806 0.000000
454.672611 438.624108 0.000000
470.364479 418.652639 0.000000
463.588445 401.177603 0.000000
474.644080 391.548502 0.000000
480.350214 437.197575 0.000000
473.930813 455.385877 0.000000
460.378745 469.651213 0.000000
458.952211 491.405849 0.000000
430.421541 478.210414 0.000000
497.468616 417.939372 0.000000
266.905136 310.771041 0.000000
266.548502 293.296006 0.000000
252.996434 330.385877 0.000000
236.947932 312.197575 0.000000
245.150499 311.484308 0.000000
219.472896 311.484308 0.000000
202.711127 313.980742 0.000000
238.017832 282.953638 0.000000
200.571327 296.862340 0.000000
190.942225 303.638374 0.000000
222.682596 297.575606 0.000000
219.829529 361.412981 0.000000
227.318830 363.552782 0.000000
199.144793 364.979315 0.000000
197.361626 349.287447 0.000000
208.773894 387.447218 0.000000
195.935093 383.880884 0.000000
268.688302 361.412981 0.000000
177.925107 452.176177 0.000000
173.288873 488.552782 0.000000
190.763909 483.916548 0.000000
190.407275 494.972183 0.000000
196.470043 472.147646 0.000000
194.686876 440.050642 0.000000
192.547076 428.638374 0.000000
180.778174 430.064907 0.000000
185.771041 415.799572 0.000000
201.106277 407.240371 0.000000
220.364479 432.561341 0.000000
226.783880 427.568474 0.000000
230.706847 467.154779 0.000000
234.986448 411.163338 0.000000
244.258916 400.820970 0.000000
264.230385 388.338802 0.000000
234.808131 215.193295 0.000000
223.395863 215.193295 0.000000
234.629815 188.267475 0.000000
236.591298 170.257489 0.000000
131.562767 287.589872 0.000000
123.003566 292.582739 0.000000
115.870899 291.156205 0.000000
96.256063 307.204708 0.000000
64.159058 324.679743 0.000000
32.418688 329.315977 0.000000
55.599857 308.274608 0.000000
24.929387 308.274608 0.000000
11.020685 308.631241 0.000000
6.027817 328.602710 0.000000
75.927960 279.004077 0.000000
67.725392 276.507644 0.000000
91.976462 251.186674 0.000000
96.612696 274.011210 0.000000
112.304565 258.675975 0.000000
118.723966 270.088243 0.000000
140.835235 226.935604 0.000000
142.975036 254.753007 0.000000
158.666904 240.131039 0.000000
151.890870 257.962708 0.000000
174.358773 226.222337 0.000000
182.561341 191.985532 0.000000
175.785307 196.978400 0.000000
178.995007 177.363564 0.000000
191.833809 158.818628 0.000000
213.231812 143.840026 0.000000
217.511412 160.601795 0.000000
227.497147 126.364990 0.000000
177.211840 148.476260 0.000000
172.932240 138.490525 0.000000
171.149073 128.504791 0.000000
165.799572 180.929898 0.000000
154.743937 192.342166 0.000000
134.772468 197.335033 0.000000
126.926534 217.663136 0.000000
121.933666 216.593236 0.000000
122.290300 201.258000 0.000000
114.800999 201.258000 0.000000
99.822397 231.571838 0.000000
91.263195 226.935604 0.000000
82.703994 247.976973 0.000000
101.962197 196.265133 0.000000
94.472896 183.782965 0.000000
83.773894 178.076831 0.000000
73.074893 211.957002 0.000000
69.508559 235.851438 0.000000
64.159058 234.068271 0.000000
56.669757 233.355005 0.000000
38.838088 303.968414 0.000000
42.047789 290.772979 0.000000
27.782454 283.283678 0.000000
12.090585 262.242308 0.000000
17.440086 256.179541 0.000000
17.083452 245.123906 0.000000
21.719686 228.362137 0.000000
21.363053 210.173835 0.000000
11.377318 213.383535 0.000000
13.160485 188.062565 0.000000
33.488588 189.489099 0.000000
40.977889 184.496231 0.000000
58.096291 186.636032 0.000000
69.865193 172.370696 0.000000
56.669757 165.951296 0.000000
49.537090 152.755860 0.000000
45.257489 143.483393 0.000000
49.537090 129.574691 0.000000
46.327389 121.015490 0.000000
33.488588 134.924191 0.000000
60.592725 118.723966 0.000000
54.886591 94.829529 0.000000
67.725392 69.151926 0.000000
77.711127 58.452924 0.000000
78.424394 69.508559 0.000000
86.270328 44.187589 0.000000
87.340228 19.579886 0.000000
95.899429 19.936519 0.000000
110.878031 14.230385 0.000000
89.480029 5.314551 0.000000
119.523224 86.565574 0.000000
240.083333 24.407104 0.000000
228.129781 10.062842 0.000000
149.577869 87.248634 0.000000
146.845628 66.415301 0.000000
164.605191 59.584699 0.000000
178.949454 49.680328 0.000000
188.853825 34.311475 0.000000
171.094262 7.672131 0.000000
125.670765 89.639344 0.000000
112.009563 112.521858 0.000000
129.086066 112.180328 0.000000
137.965847 120.035519 0.000000
68.976776 115.595628 0.000000
133.185325 302.439916 0.000000
164.264560 265.896200 0.000000
189.879314 245.062867 0.000000
200.125216 243.013687 0.000000
196.368385 223.204944 0.000000
194.319205 265.896200 0.000000
179.974943 282.631173 0.000000
214.811008 274.434452 0.000000
185.439424 302.439916 0.000000
58.390243 210.568332 0.000000
166.312842 105.008197 0.000000
163.239071 92.371585 0.000000
148.894809 102.959016 0.000000
127.036885 50.704918 0.000000
135.575137 46.948087 0.000000
133.525956 36.702186 0.000000
145.821038 47.289617 0.000000
130.793716 78.710383 0.000000
115.766393 138.136612 0.000000
121.913934 130.281421 0.000000
124.987705 133.696721 0.000000
476.422131 2.549180 0.000000
362.009563 185.609290 0.000000
397.187158 495.718579 0.000000
366.449454 496.401639 0.000000
358.252732 491.620219 0.000000
448.758197 355.349727 0.000000
350.397541 394.625683 0.000000
342.883880 391.551913 0.000000
183.047814 399.065574 0.000000
206.613388 323.587432 0.000000
213.443989 329.051913 0.000000
128.744536 351.934426 0.000000
124.304645 388.819672 0.000000
456.271858 136.770492 0.000000
