496.220938 193.866426 1.000000
475.462816 216.880866 1.000000
466.437545 229.516245 1.000000
498.928520 21.935018 1.000000
490.805776 33.667870 1.000000
488.098195 44.949458 1.000000
478.621660 24.191336 1.000000
488.098195 16.971119 1.000000
492.159567 7.494585 1.000000
497.574729 3.433213 1.000000
466.437545 33.667870 1.000000
467.791336 48.108303 1.000000
454.253429 44.498195 1.000000
449.289531 54.877256 1.000000
427.177617 56.682310 1.000000
423.116245 69.317690 1.000000
414.905276 58.784829 1.000000
412.285920 65.707581 1.000000
425.372563 41.790614 1.000000
435.751624 35.924188 1.000000
442.971841 32.314079 1.000000
369.416522 86.916968 1.000000
386.564536 72.025271 1.000000
405.517605 77.440433 1.000000
366.708940 100.454874 1.000000
366.708940 116.249097 1.000000
358.134933 110.382671 1.000000
340.535655 129.335740 1.000000
336.474283 142.422383 1.000000
314.813634 152.350181 1.000000
313.459843 163.631769 1.000000
304.885836 162.277978 1.000000
304.434572 176.718412 1.000000
296.311829 200.635379 1.000000
283.225186 201.989170 1.000000
280.066341 212.819495 1.000000
271.943597 219.137184 1.000000
265.174644 227.711191 1.000000
253.893056 234.480144 1.000000
289.091612 155.057762 1.000000
300.824464 118.054152 1.000000
303.983309 103.613718 1.000000
301.275727 91.429603 1.000000
339.940727 69.889966 1.000000
330.156594 51.718412 1.000000
335.571756 41.339350 1.000000
343.243236 35.472924 1.000000
346.402081 22.386282 1.000000
333.766702 22.837545 1.000000
325.643958 32.765343 1.000000
308.342145 8.815589 1.000000
292.515134 8.727363 1.000000
280.066341 19.678700 1.000000
282.322659 8.397112 1.000000
281.871395 141.068592 1.000000
257.051901 147.386282 1.000000
262.015800 157.314079 1.000000
252.539265 158.216606 1.000000
252.539265 175.815884 1.000000
248.026630 186.194946 1.000000
239.001359 188.451264 1.000000
243.054152 250.274368 1.000000
237.638989 258.848375 1.000000
237.638989 269.678700 1.000000
230.418773 273.288809 1.000000
228.162455 282.314079 1.000000
220.039711 300.364621 1.000000
212.819495 308.487365 1.000000
208.758123 312.548736 1.000000
206.501805 318.866426 1.000000
185.897482 345.458188 1.000000
195.220217 325.635379 1.000000
155.960289 288.631769 1.000000
152.350181 299.913357 1.000000
142.873646 308.938628 1.000000
132.494585 306.682310 1.000000
121.664260 333.306859 1.000000
135.202166 330.599278 1.000000
209.209386 221.393502 1.000000
197.025271 234.480144 1.000000
194.317690 242.151625 1.000000
192.512635 249.823105 1.000000
183.036101 257.043321 1.000000
169.498195 257.494585 1.000000
169.498195 267.422383 1.000000
226.808664 209.209386 1.000000
276.008254 49.913357 1.000000
273.300673 42.693141 1.000000
214.185149 45.400722 1.000000
218.246521 50.815884 1.000000
195.232081 58.938628 1.000000
204.708615 52.169675 1.000000
200.647243 69.768953 1.000000
192.073236 77.891697 1.000000
188.011864 67.512635 1.000000
175.376485 78.342960 1.000000
176.730276 87.819495 1.000000
162.289842 93.234657 1.000000
156.423416 105.870036 1.000000
142.885510 111.285199 1.000000
144.239301 98.198556 1.000000
141.080456 118.956679 1.000000
139.726666 133.848375 1.000000
129.347604 113.541516 1.000000
111.736658 129.787004 1.000000
105.418969 142.422383 1.000000
100.906333 150.093863 1.000000
84.660846 151.447653 1.000000
81.502001 160.924188 1.000000
81.050738 175.364621 1.000000
71.122940 169.949458 1.000000
58.036297 191.610108 1.000000
75.184312 192.512635 1.000000
52.621135 200.184116 1.000000
39.083229 210.111913 1.000000
26.899113 206.501805 1.000000
22.386478 224.101083 1.000000
48.559567 106.772563 1.000000
45.851986 118.956679 1.000000
39.985560 131.592058 1.000000
22.837545 138.361011 1.000000
16.519856 144.227437 1.000000
57.133574 93.234657 1.000000
72.025271 90.527076 1.000000
80.599278 75.184116 1.000000
69.768953 79.696751 1.000000
96.393502 58.938628 1.000000
106.321300 58.938628 1.000000
109.028881 49.010830 1.000000
121.212996 33.667870 1.000000
122.566787 26.898917 1.000000
125.274368 16.971119 1.000000
109.931408 16.519856 1.000000
109.028881 7.043321 1.000000
134.750903 12.007220 1.000000
33.667870 9.750903 1.000000
50.815884 4.335740 1.000000
48.559567 32.314079 1.000000
30.057762 26.447653 1.000000
29.155235 39.985560 1.000000
13.812274 33.667870 1.000000
15.166065 21.483755 1.000000
6.592058 10.653430 1.000000
4.787004 26.447653 1.000000
448.379061 264.714801 1.000000
433.938628 275.996390 1.000000
419.046931 288.631769 1.000000
410.924188 293.595668 1.000000
388.361011 321.574007 1.000000
377.530686 329.696751 1.000000
367.602888 337.368231 1.000000
362.187726 348.649819 1.000000
353.613718 339.624549 1.000000
432.584838 343.234657 1.000000
421.754513 358.577617 1.000000
495.310469 270.129964 2.000000
449.281588 308.487365 2.000000
434.397834 15.166065 2.000000
363.550096 62.548736 2.000000
354.524825 66.158845 2.000000
359.939987 50.815884 2.000000
377.088002 22.386282 2.000000
331.059121 100.003610 2.000000
253.893056 195.671480 2.000000
253.320780 203.519412 2.000000
310.300998 137.909747 2.000000
317.972478 118.956679 2.000000
331.510384 83.306859 2.000000
247.124103 98.198556 2.000000
193.866426 274.191336 2.000000
217.332130 247.566787 2.000000
235.833935 224.552347 2.000000
153.252708 315.256318 2.000000
267.885510 33.216606 2.000000
242.912217 29.331686 2.000000
160.033525 39.985560 2.000000
175.827749 40.888087 2.000000
97.296225 107.223827 2.000000
25.996586 191.158845 2.000000
43.144600 166.790614 2.000000
382.043321 347.296029 2.000000
493.956679 249.371841 3.000000
456.050542 296.754513 3.000000
451.303823 18.655161 3.000000
473.206498 14.714801 3.000000
390.779707 30.806490 3.000000
396.789798 13.845061 3.000000
400.520919 19.557688 3.000000
407.322659 21.032491 3.000000
408.676449 7.494585 3.000000
381.600637 36.375451 3.000000
393.333489 56.231047 3.000000
367.611468 18.776173 3.000000
349.109662 97.747292 3.000000
344.662600 106.772563 3.000000
324.290168 144.227437 3.000000
275.553706 169.949458 3.000000
277.810023 178.072202 3.000000
276.907496 155.509025 3.000000
304.941275 131.140794 3.000000
346.402081 8.848375 3.000000
269.687280 18.324910 3.000000
169.949458 285.472924 3.000000
153.703971 341.429603 3.000000
128.884477 320.220217 3.000000
129.335740 328.342960 3.000000
237.199590 19.678700 3.000000
226.402051 29.397260 3.000000
169.356260 73.016024 3.000000
159.582261 79.696751 3.000000
155.520889 55.328520 3.000000
203.354824 8.397112 3.000000
95.491171 124.823105 3.000000
110.834131 77.891697 3.000000
52.467336 175.420060 3.000000
32.314276 160.924188 3.000000
23.289005 168.595668 3.000000
43.958902 150.479553 3.000000
21.032491 89.173285 3.000000
77.891697 65.707581 3.000000
463.722022 240.797834 3.000000
456.953069 250.725632 3.000000
398.740072 312.097473 3.000000
425.815884 353.162455 3.000000
490.797834 364.895307 3.000000
427.169675 379.335740 3.000000
398.288809 364.895307 3.000000
485.382671 318.415162 4.000000
438.451264 308.938628 4.000000
441.158845 292.241877 4.000000
399.199915 34.119134 4.000000
124.073466 351.605563 0.000000
138.338802 354.815264 0.000000
129.422967 373.003566 0.000000
115.514265 354.101997 0.000000
109.451498 354.458631 0.000000
110.521398 382.632668 0.000000
120.150499 389.052068 0.000000
113.731098 404.743937 0.000000
88.053495 395.828103 0.000000
77.354494 396.541369 0.000000
61.305991 400.464337 0.000000
56.669757 408.310271 0.000000
41.691155 432.204708 0.000000
34.201854 434.701141 0.000000
52.390157 454.315977 0.000000
65.228959 442.903709 0.000000
70.578459 433.274608 0.000000
90.193295 439.337375 0.000000
80.207561 451.819544 0.000000
20.293153 448.609843 0.000000
16.370185 464.301712 0.000000
7.810984 467.868046 0.000000
8.880884 454.672611 0.000000
45.257489 474.287447 0.000000
64.515692 463.945078 0.000000
35.271755 487.126248 0.000000
83.773894 494.972183 0.000000
88.053495 484.986448 0.000000
95.186163 477.497147 0.000000
101.962197 465.014979 0.000000
115.870899 464.301712 0.000000
115.870899 454.315977 0.000000
115.514265 445.400143 0.000000
131.562767 420.435806 0.000000
137.625535 435.771041 0.000000
144.758203 414.016405 0.000000
148.324536 395.471469 0.000000
156.170471 391.905136 0.000000
162.233238 376.926534 0.000000
172.932240 366.940799 0.000000
336.092011 375.143367 0.000000
337.518545 362.661198 0.000000
348.217546 364.444365 0.000000
311.840942 390.835235 0.000000
304.708274 392.618402 0.000000
289.373039 401.534237 0.000000
289.729672 416.512839 0.000000
271.541369 420.435806 0.000000
264.052068 430.421541 0.000000
241.584165 443.260342 0.000000
239.444365 448.253210 0.000000
237.304565 458.238944 0.000000
226.248930 461.092011 0.000000
232.311698 473.217546 0.000000
219.472896 477.140514 0.000000
212.696862 480.350214 0.000000
204.137660 487.126248 0.000000
235.878031 494.258916 0.000000
257.276034 493.189016 0.000000
259.059201 483.203281 0.000000
267.975036 472.147646 0.000000
271.184736 483.916548 0.000000
281.527104 475.357347 0.000000
286.519971 456.455777 0.000000
272.967903 457.525678 0.000000
297.218973 455.742511 0.000000
306.491441 448.253210 0.000000
315.763909 451.106277 0.000000
320.043509 437.197575 0.000000
316.655492 425.072040 0.000000
329.494294 435.414408 0.000000
339.123395 428.995007 0.000000
347.682596 424.358773 0.000000
328.424394 418.296006 0.000000
339.123395 411.519971 0.000000
355.528531 414.016405 0.000000
357.311698 399.037803 0.000000
364.800999 406.883738 0.000000
370.507133 399.394437 0.000000
348.395863 390.478602 0.000000
373.003566 377.639800 0.000000
384.059201 370.507133 0.000000
401.534237 382.632668 0.000000
414.016405 372.290300 0.000000
489.266049 401.177603 0.000000
493.902282 387.625535 0.000000
491.762482 377.283167 0.000000
480.350214 355.528531 0.000000
459.665478 352.318830 0.000000
464.658345 339.836662 0.000000
449.323110 355.528531 0.000000
438.624108 355.528531 0.000000
445.400143 371.577033 0.000000
432.204708 370.150499 0.000000
443.616976 341.976462 0.000000
479.636947 424.002140 0.000000
482.846648 417.226106 0.000000
469.651213 433.631241 0.000000
452.176177 453.602710 0.000000
441.120542 460.378745 0.000000
437.197575 468.937946 0.000000
428.638374 475.000713 0.000000
425.072040 483.203281 0.000000
415.442939 489.266049 0.000000
471.077746 481.063481 0.000000
