3.000000 70.000000 2.000000
5.497739 497.753392 2.000000
7.000000 223.000000 2.000000
7.000000 249.000000 2.000000
9.000000 473.000000 2.000000
10.000000 101.000000 2.000000
10.000000 155.000000 2.000000
12.000000 2.000000 2.000000
15.000000 315.000000 2.000000
14.995477 381.497739 2.000000
15.246608 429.744347 2.000000
18.000000 202.000000 2.000000
21.000000 144.000000 2.000000
24.000000 107.000000 2.000000
24.000000 330.000000 2.000000
24.000000 373.000000 2.000000
26.000000 400.000000 2.000000
29.000000 63.000000 2.000000
30.000000 417.000000 2.000000
38.273744 292.497739 2.000000
35.000000 262.000000 2.000000
36.000000 246.000000 2.000000
37.000000 134.000000 2.000000
38.000000 350.000000 2.000000
40.000000 185.000000 2.000000
40.990955 478.995477 2.000000
45.000000 207.000000 2.000000
43.744347 377.497739 2.000000
48.000000 400.000000 2.000000
48.000000 430.000000 2.000000
49.000000 92.000000 2.000000
51.000000 136.000000 2.000000
53.000000 478.000000 2.000000
56.000000 315.000000 2.000000
58.000000 336.000000 2.000000
59.744347 143.757915 2.000000
62.000000 260.000000 2.000000
67.000000 187.000000 2.000000
68.000000 201.000000 2.000000
70.000000 124.000000 2.000000
72.246608 222.739824 2.000000
71.493216 385.748869 2.000000
74.000000 319.000000 2.000000
75.000000 25.000000 2.000000
82.000000 396.000000 2.000000
83.000000 138.000000 2.000000
84.000000 171.000000 2.000000
84.000000 183.000000 2.000000
85.000000 12.000000 2.000000
85.000000 491.000000 2.000000
90.000000 214.000000 2.000000
93.000000 45.000000 2.000000
99.000000 88.000000 2.000000
99.000000 135.000000 2.000000
100.000000 64.000000 2.000000
102.000000 257.000000 2.000000
104.753392 75.493216 2.000000
104.000000 173.000000 2.000000
104.000000 214.000000 2.000000
111.000000 221.000000 2.000000
112.000000 496.000000 2.000000
113.000000 367.000000 2.000000
112.246608 461.246608 2.000000
115.000000 181.000000 2.000000
117.000000 45.000000 2.000000
124.000000 118.000000 2.000000
124.000000 171.000000 2.000000
125.000000 75.000000 2.000000
126.000000 131.000000 2.000000
127.000000 211.000000 2.000000
129.000000 187.000000 2.000000
128.744347 56.748869 2.000000
130.000000 360.000000 2.000000
132.000000 47.000000 2.000000
133.000000 12.000000 2.000000
133.000000 171.000000 2.000000
133.000000 274.000000 2.000000
134.000000 158.000000 2.000000
142.000000 91.000000 2.000000
142.000000 229.000000 2.000000
147.000000 217.000000 2.000000
147.000000 406.000000 2.000000
149.000000 48.000000 2.000000
150.000000 115.000000 2.000000
153.000000 175.000000 2.000000
154.000000 272.000000 2.000000
155.000000 233.000000 2.000000
159.000000 132.000000 2.000000
159.000000 213.000000 2.000000
160.000000 310.000000 2.000000
163.000000 381.000000 2.000000
165.000000 37.000000 2.000000
166.000000 434.000000 2.000000
165.744347 474.497739 2.000000
169.000000 229.000000 2.000000
170.000000 217.000000 2.000000
170.000000 448.000000 2.000000
171.000000 143.000000 2.000000
171.000000 421.000000 2.000000
172.000000 206.000000 2.000000
176.000000 77.000000 2.000000
176.000000 235.000000 2.000000
178.000000 293.000000 2.000000
180.000000 195.000000 2.000000
180.497739 360.748869 2.000000
183.000000 164.744347 2.000000
185.000000 6.000000 2.000000
183.242085 182.000000 2.000000
187.000000 470.000000 2.000000
190.000000 38.000000 2.000000
190.000000 275.000000 2.000000
191.000000 446.000000 2.000000
193.000000 244.000000 2.000000
194.000000 111.000000 2.000000
198.000000 144.000000 2.000000
198.000000 176.000000 2.000000
198.000000 470.000000 2.000000
199.000000 376.000000 2.000000
200.000000 62.000000 2.000000
203.000000 491.000000 2.000000
208.000000 473.000000 2.000000
209.000000 25.000000 2.000000
211.000000 166.000000 2.000000
212.000000 203.000000 2.000000
213.000000 81.000000 2.000000
217.000000 244.000000 2.000000
217.000000 303.000000 2.000000
218.000000 433.000000 2.000000
221.000000 498.000000 2.000000
223.000000 63.000000 2.000000
224.000000 344.000000 2.000000
226.000000 30.000000 2.000000
227.000000 327.000000 2.000000
228.000000 182.000000 2.000000
228.000000 218.000000 2.000000
229.000000 366.000000 2.000000
232.000000 259.000000 2.000000
233.000000 143.000000 2.000000
237.000000 498.000000 2.000000
238.000000 306.000000 2.000000
241.000000 437.000000 2.000000
244.000000 28.000000 2.000000
244.000000 455.000000 2.000000
250.000000 491.000000 2.000000
252.000000 347.000000 2.000000
253.000000 307.000000 2.000000
254.000000 51.004523 2.000000
256.000000 33.000000 2.000000
255.246608 129.739824 2.000000
262.000000 254.000000 2.000000
265.000000 492.000000 2.000000
266.000000 289.000000 2.000000
269.000000 100.000000 2.000000
269.000000 150.000000 2.000000
269.000000 189.000000 2.000000
271.000000 162.000000 2.000000
272.000000 433.000000 2.000000
275.000000 418.000000 2.000000
277.000000 302.000000 2.000000
280.000000 453.000000 2.000000
282.000000 192.000000 2.000000
285.000000 42.000000 2.000000
285.000000 137.000000 2.000000
285.000000 383.000000 2.000000
286.000000 423.000000 2.000000
288.000000 99.000000 2.000000
293.000000 77.000000 2.000000
295.000000 451.000000 2.000000
296.000000 214.000000 2.000000
299.000000 386.000000 2.000000
299.497739 119.990955 2.000000
307.000000 200.000000 2.000000
308.000000 233.000000 2.000000
310.000000 303.000000 2.000000
310.000000 321.000000 2.000000
314.000000 251.000000 2.000000
316.000000 34.000000 2.000000
318.000000 232.000000 2.000000
322.000000 59.000000 2.000000
323.000000 433.000000 2.000000
326.000000 174.000000 2.000000
327.000000 295.000000 2.000000
329.000000 46.000000 2.000000
329.000000 263.000000 2.000000
330.000000 232.000000 2.000000
334.000000 403.000000 2.000000
339.000000 103.000000 2.000000
339.000000 130.000000 2.000000
342.000000 359.000000 2.000000
343.000000 54.000000 2.000000
344.000000 372.000000 2.000000
350.000000 458.000000 2.000000
353.000000 371.000000 2.000000
354.000000 24.000000 2.000000
354.000000 428.000000 2.000000
355.000000 195.000000 2.000000
356.000000 332.000000 2.000000
358.000000 59.000000 2.000000
362.000000 358.000000 2.000000
364.000000 370.000000 2.000000
365.251131 343.488693 2.000000
366.000000 33.000000 2.000000
367.000000 101.000000 2.000000
367.000000 400.000000 2.000000
368.000000 210.000000 2.000000
374.000000 235.000000 2.000000
375.000000 45.000000 2.000000
375.000000 192.000000 2.000000
376.246608 277.744347 2.000000
379.000000 141.000000 2.000000
384.000000 208.000000 2.000000
387.000000 238.000000 2.000000
388.000000 152.000000 2.000000
394.000000 255.000000 2.000000
396.000000 25.000000 2.000000
401.000000 78.000000 2.000000
405.000000 344.000000 2.000000
407.000000 394.000000 2.000000
407.000000 426.000000 2.000000
412.000000 237.000000 2.000000
413.000000 127.000000 2.000000
418.000000 366.000000 2.000000
420.000000 470.000000 2.000000
423.000000 201.000000 2.000000
425.000000 161.000000 2.000000
425.000000 488.000000 2.000000
428.000000 31.000000 2.000000
430.000000 285.000000 2.000000
434.000000 51.000000 2.000000
435.000000 487.000000 2.000000
436.000000 92.000000 2.000000
436.000000 415.000000 2.000000
442.000000 248.000000 2.000000
442.000000 379.000000 2.000000
444.497739 459.497739 2.000000
451.000000 53.000000 2.000000
454.000000 78.000000 2.000000
456.000000 497.000000 2.000000
461.000000 421.000000 2.000000
461.000000 456.000000 2.000000
463.000000 324.000000 2.000000
463.000000 363.000000 2.000000
469.000000 496.000000 2.000000
472.000000 425.000000 2.000000
474.000000 33.000000 2.000000
474.000000 282.000000 2.000000
474.000000 359.000000 2.000000
479.000000 460.000000 2.000000
480.497739 155.990955 2.000000
482.000000 253.000000 2.000000
486.000000 416.000000 2.000000
488.000000 16.000000 2.000000
490.000000 86.000000 2.000000
490.000000 191.000000 2.000000
490.000000 426.000000 2.000000
491.000000 175.000000 2.000000
493.000000 48.000000 2.000000
496.000000 2.000000 2.000000
496.000000 62.000000 2.000000
499.000000 20.000000 2.000000
499.000000 31.000000 2.000000
496.237563 285.748869 2.000000
499.000000 479.000000 2.000000
10.000000 127.000000 3.000000
16.000000 418.000000 3.000000
17.000000 173.000000 3.000000
17.000000 229.000000 3.000000
18.000000 135.000000 3.000000
18.000000 494.000000 3.000000
19.000000 357.000000 3.000000
21.000000 472.000000 3.000000
22.000000 29.000000 3.000000
24.000000 454.000000 3.000000
26.000000 127.000000 3.000000
29.000000 497.000000 3.000000
28.493216 165.493216 3.000000
30.000000 237.000000 3.000000
30.000000 360.000000 3.000000
31.000000 279.000000 3.000000
32.000000 14.000000 3.000000
39.000000 365.000000 3.000000
41.000000 120.000000 3.000000
44.000000 311.000000 3.000000
47.000000 26.000000 3.000000
49.000000 233.000000 3.000000
51.000000 55.000000 3.000000
53.000000 498.000000 3.000000
56.000000 44.000000 3.000000
54.744347 180.744347 3.000000
57.000000 451.000000 3.000000
58.000000 378.000000 3.000000
59.000000 27.000000 3.000000
60.000000 363.000000 3.000000
62.000000 112.000000 3.000000
60.493216 244.497739 3.000000
66.000000 76.000000 3.000000
71.000000 496.000000 3.000000
72.000000 363.000000 3.000000
72.000000 374.000000 3.000000
72.000000 487.000000 3.000000
73.000000 336.000000 3.000000
79.000000 95.000000 3.000000
78.748869 284.995477 3.000000
79.744347 262.995477 3.000000
82.000000 158.251131 3.000000
84.000000 37.000000 3.000000
84.000000 329.000000 3.000000
86.000000 340.000000 3.000000
87.000000 231.000000 3.000000
93.000000 24.000000 3.000000
93.000000 499.000000 3.000000
96.000000 163.000000 3.000000
100.000000 276.000000 3.000000
100.000000 308.000000 3.000000
102.000000 362.000000 3.000000
106.000000 24.000000 3.000000
106.000000 142.000000 3.000000
108.000000 300.000000 3.000000
109.000000 433.000000 3.000000
111.000000 329.000000 3.000000
113.000000 134.000000 3.000000
119.000000 382.000000 3.000000
120.000000 232.000000 3.000000
120.000000 304.000000 3.000000
121.000000 333.000000 3.000000
122.000000 12.000000 3.000000
123.000000 474.000000 3.000000
134.000000 300.000000 3.000000
135.000000 326.000000 3.000000
135.000000 385.000000 3.000000
135.246608 450.493216 3.000000
139.000000 473.000000 3.000000
144.000000 206.000000 3.000000
144.493216 252.744347 3.000000
147.000000 451.000000 3.000000
150.000000 60.000000 3.000000
151.000000 126.000000 3.000000
148.990955 470.995477 3.000000
152.000000 365.000000 3.000000
153.000000 389.000000 3.000000
153.000000 440.000000 3.000000
154.000000 250.995477 3.000000
156.000000 199.000000 3.000000
160.000000 114.000000 3.000000
163.000000 492.000000 3.000000
164.000000 359.000000 3.000000
166.000000 193.000000 3.000000
167.000000 255.000000 3.000000
168.000000 331.000000 3.000000
173.000000 7.000000 3.000000
175.000000 91.000000 3.000000
177.000000 63.000000 3.000000
175.242085 490.990955 3.000000
177.497739 150.242085 3.000000
179.000000 117.000000 3.000000
180.000000 248.000000 3.000000
183.000000 328.000000 3.000000
184.000000 211.000000 3.000000
189.000000 490.000000 3.000000
195.000000 205.000000 3.000000
203.000000 6.000000 3.000000
207.000000 212.000000 3.000000
211.000000 113.000000 3.000000
213.000000 57.000000 3.000000
213.000000 276.000000 3.000000
213.000000 368.000000 3.000000
216.000000 221.000000 3.000000
217.000000 358.000000 3.000000
219.000000 152.000000 3.000000
226.000000 108.995477 3.000000
227.000000 2.000000 3.000000
227.000000 89.000000 3.000000
227.000000 471.000000 3.000000
233.000000 77.000000 3.000000
233.000000 156.000000 3.000000
244.000000 122.000000 3.000000
245.493216 142.497739 3.000000
249.000000 74.000000 3.000000
249.000000 288.000000 3.000000
250.000000 7.000000 3.000000
250.000000 321.000000 3.000000
250.000000 358.000000 3.000000
251.000000 113.000000 3.000000
254.000000 216.000000 3.000000
258.000000 241.000000 3.000000
260.000000 68.000000 3.000000
261.000000 330.000000 3.000000
266.000000 40.000000 3.000000
266.000000 369.000000 3.000000
267.000000 310.000000 3.000000
276.000000 281.000000 3.000000
287.000000 369.000000 3.000000
289.000000 281.000000 3.000000
290.000000 322.000000 3.000000
291.000000 111.000000 3.000000
291.000000 291.000000 3.000000
293.995477 50.493216 3.000000
297.000000 363.000000 3.000000
307.000000 142.000000 3.000000
308.000000 417.000000 3.000000
309.000000 365.000000 3.000000
310.000000 54.000000 3.000000
313.000000 113.000000 3.000000
315.000000 123.000000 3.000000
316.000000 379.000000 3.000000
319.000000 458.000000 3.000000
323.000000 27.000000 3.000000
323.000000 187.000000 3.000000
334.000000 208.000000 3.000000
337.000000 298.000000 3.000000
337.000000 314.000000 3.000000
342.000000 424.000000 3.000000
344.000000 256.000000 3.000000
355.000000 178.000000 3.000000
361.995477 279.242085 3.000000
366.753392 300.251131 3.000000
367.000000 2.000000 3.000000
367.000000 148.000000 3.000000
368.000000 178.000000 3.000000
368.493216 257.493216 3.000000
371.000000 312.000000 3.000000
394.000000 164.000000 3.000000
401.520352 180.260176 3.000000
400.000000 40.000000 3.000000
401.000000 199.000000 3.000000
403.000000 467.000000 3.000000
404.493216 405.995477 3.000000
407.000000 177.000000 3.000000
408.000000 165.000000 3.000000
416.000000 75.000000 3.000000
422.000000 8.000000 3.000000
432.000000 146.000000 3.000000
433.000000 457.000000 3.000000
438.000000 195.000000 3.000000
442.000000 155.000000 3.000000
444.762437 175.484171 3.000000
442.000000 496.000000 3.000000
444.428256 20.493216 3.000000
445.000000 41.000000 3.000000
444.246608 230.497739 3.000000
448.246608 321.990955 3.000000
450.000000 338.000000 3.000000
451.748869 193.748869 3.000000
455.000000 41.000000 3.000000
459.000000 224.000000 3.000000
460.000000 14.000000 3.000000
460.748869 177.242085 3.000000
461.000000 349.000000 3.000000
463.000000 295.000000 3.000000
465.000000 384.000000 3.000000
466.000000 122.000000 3.000000
467.000000 195.000000 3.000000
468.000000 165.000000 3.000000
473.000000 336.000000 3.000000
475.000000 178.000000 3.000000
479.000000 345.000000 3.000000
481.000000 491.000000 3.000000
482.000000 224.000000 3.000000
484.000000 120.000000 3.000000
487.000000 309.000000 3.000000
485.237563 338.246608 3.000000
488.000000 387.000000 3.000000
99.000000 341.000000 4.000000
120.000000 288.000000 4.000000
136.000000 314.000000 4.000000
196.000000 228.000000 4.000000
214.000000 389.000000 4.000000
474.000000 403.000000 4.000000
499.000000 387.000000 4.000000
