457.430316 10.653430 1.000000
448.405045 21.032491 1.000000
443.892409 29.606498 1.000000
424.036814 43.595668 1.000000
399.668583 54.877256 1.000000
384.776886 55.328520 1.000000
388.386994 74.732852 1.000000
379.361723 68.415162 1.000000
366.726344 79.245487 1.000000
361.762445 86.465704 1.000000
348.224539 86.014440 1.000000
354.993492 68.415162 1.000000
338.748005 72.025271 1.000000
336.040424 85.111913 1.000000
322.051254 90.527076 1.000000
306.257030 103.162455 1.000000
310.769666 117.151625 1.000000
305.805767 131.592058 1.000000
286.852698 137.007220 1.000000
271.058474 149.191336 1.000000
285.047644 162.729242 1.000000
294.524178 158.216606 1.000000
296.780496 178.974729 1.000000
294.975442 192.963899 1.000000
279.181218 190.707581 1.000000
281.437536 220.490975 1.000000
318.892409 212.819495 1.000000
318.892409 192.963899 1.000000
337.394214 213.722022 1.000000
327.917680 225.003610 1.000000
312.123456 232.223827 1.000000
276.924900 238.992780 1.000000
258.423095 243.054152 1.000000
361.762445 206.050542 1.000000
355.896019 215.075812 1.000000
391.545839 197.025271 1.000000
401.924900 208.306859 1.000000
364.018763 238.992780 1.000000
372.592770 238.541516 1.000000
417.267861 218.234657 1.000000
434.415875 188.451264 1.000000
454.722734 169.046931 1.000000
466.906850 192.963899 1.000000
476.834648 206.953069 1.000000
456.527788 232.675090 1.000000
423.585550 228.613718 1.000000
432.159557 246.212996 1.000000
475.491888 169.046931 1.000000
489.932321 151.447653 1.000000
491.737375 228.162455 1.000000
493.091166 242.151625 1.000000
490.383584 83.306859 1.000000
475.040624 68.866426 1.000000
460.148927 64.805054 1.000000
437.585751 76.537906 1.000000
420.889000 66.610108 1.000000
448.416075 49.462094 1.000000
467.369144 38.180505 1.000000
495.798747 51.267148 1.000000
42.241877 13.361011 2.000000
45.851986 21.032491 2.000000
35.924188 38.180505 2.000000
19.678700 55.328520 2.000000
21.935018 32.314079 2.000000
53.523466 87.368231 2.000000
67.061372 73.830325 2.000000
81.501805 82.404332 2.000000
92.783394 52.169675 2.000000
119.619090 5.689531 2.000000
142.589756 35.996931 2.000000
153.492824 5.332897 2.000000
168.144404 36.826715 2.000000
163.180505 51.718412 2.000000
175.364621 54.425993 2.000000
181.682310 87.819495 2.000000
155.631088 97.747292 0.000000
118.505415 98.198556 2.000000
107.675090 66.158845 2.000000
76.370533 135.085649 2.000000
72.025271 160.021661 2.000000
29.606498 155.057762 2.000000
27.350181 171.754513 2.000000
2.981949 195.671480 2.000000
64.688537 225.833394 2.000000
71.574007 243.505415 2.000000
91.429603 215.527076 2.000000
83.306859 211.916968 2.000000
89.624549 180.328520 2.000000
116.081724 198.189801 2.000000
118.505415 223.198556 2.000000
141.068592 173.108303 2.000000
169.498195 229.064982 2.000000
177.977572 242.246255 2.000000
195.025409 117.724951 0.000000
201.989170 88.270758 2.000000
218.234657 38.180505 2.000000
206.501805 53.523466 2.000000
231.321300 127.530686 2.000000
259.770415 15.166065 2.000000
277.820956 36.375451 2.000000
292.712653 6.592058 2.000000
315.275830 45.851986 2.000000
314.373303 63.000000 2.000000
336.033952 30.960289 2.000000
271.381203 93.636602 0.000000
249.842617 118.054152 2.000000
77.440433 36.375451 3.000000
67.418005 9.154153 3.000000
176.718412 11.555957 3.000000
102.259928 122.115523 3.000000
20.129964 165.888087 3.000000
55.779783 218.234657 3.000000
109.028881 174.462094 3.000000
107.675090 195.220217 3.000000
110.382671 226.808664 3.000000
123.920578 229.967509 3.000000
151.898917 144.227437 3.000000
176.291807 130.116204 0.000000
150.996390 236.736462 3.000000
217.332130 58.509252 3.000000
208.947383 25.712499 3.000000
232.675090 25.093863 3.000000
231.321300 113.090253 3.000000
313.019512 70.220217 3.000000
359.950920 7.043321 3.000000
265.185577 81.050542 3.000000
252.769665 94.807915 0.000000
400.571110 175.815884 3.000000
265.636841 68.866426 4.000000
116.227532 249.311380 0.000000
116.940799 271.779283 0.000000
134.415835 239.325646 0.000000
146.184736 255.374148 0.000000
148.324536 280.338484 0.000000
167.582739 293.890553 0.000000
141.548502 304.589554 0.000000
59.166191 282.834918 0.000000
43.117689 271.779283 0.000000
18.509986 287.827785 0.000000
3.174750 254.304248 0.000000
76.284593 345.245760 0.000000
51.676890 345.245760 0.000000
32.062054 334.546758 0.000000
66.655492 328.840624 0.000000
63.445792 381.978998 0.000000
29.208987 377.699397 0.000000
12.090585 396.244333 0.000000
7.810984 344.532493 0.000000
32.418688 302.449754 0.000000
43.117689 412.292835 0.000000
85.913695 388.041766 0.000000
110.164765 366.643763 0.000000
105.528531 349.168727 0.000000
78.424394 420.852037 0.000000
58.809558 414.076002 0.000000
82.347361 442.903709 0.000000
70.935093 435.414408 0.000000
31.348787 436.840942 0.000000
20.649786 430.421541 0.000000
5.671184 446.470043 0.000000
31.348787 469.651213 0.000000
43.117689 471.791013 0.000000
63.089158 472.504280 0.000000
216.441512 486.056348 0.000000
222.147646 448.609843 0.000000
218.224679 435.771041 0.000000
234.629815 420.079173 0.000000
224.287447 407.953638 0.000000
251.034950 400.820970 0.000000
247.825250 420.079173 0.000000
271.363053 415.799572 0.000000
288.481455 412.946505 0.000000
284.915121 438.980742 0.000000
267.440086 438.980742 0.000000
300.606990 435.771041 0.000000
274.572753 454.315977 0.000000
243.902282 471.077746 0.000000
236.056348 486.056348 0.000000
259.950785 465.371612 0.000000
226.070613 463.588445 0.000000
201.106277 441.477175 0.000000
207.525678 455.385877 0.000000
208.238944 417.226106 0.000000
223.217546 385.129101 0.000000
225.713980 365.870899 0.000000
203.959344 372.290300 0.000000
214.658345 361.947932 0.000000
223.217546 352.318830 0.000000
235.343081 351.962197 0.000000
231.776748 335.557061 0.000000
246.755350 346.612696 0.000000
308.452924 345.542796 0.000000
294.187589 394.401569 0.000000
306.313124 401.890870 0.000000
304.886591 385.129101 0.000000
320.578459 375.143367 0.000000
330.920827 368.010699 0.000000
326.284593 387.982168 0.000000
339.123395 391.191869 0.000000
319.508559 407.240371 0.000000
346.612696 353.880229 0.000000
361.234665 357.446563 0.000000
389.765335 335.691927 0.000000
386.555635 323.566392 0.000000
408.310271 299.671955 0.000000
386.555635 297.888788 0.000000
394.044936 310.014323 0.000000
378.709700 278.273952 0.000000
400.820970 276.490785 0.000000
387.982168 263.651984 0.000000
412.589872 265.078517 0.000000
407.597004 250.099915 0.000000
402.247504 243.680514 0.000000
390.478602 228.701912 0.000000
305.243224 277.632392 0.000000
290.621255 251.954789 0.000000
316.655492 246.248655 0.000000
275.642653 271.926258 0.000000
262.447218 288.331394 0.000000
247.111983 274.422692 0.000000
248.895150 264.080324 0.000000
224.644080 276.919125 0.000000
211.805278 293.324261 0.000000
195.400143 319.001864 0.000000
242.475749 307.589596 0.000000
267.796719 310.086030 0.000000
257.159836 84.516393 0.000000
272.870219 104.325137 0.000000
43.703552 442.439891 0.000000
37.556011 499.133880 0.000000
52.583333 498.450820 0.000000
83.662568 287.385246 0.000000
76.148907 271.674863 0.000000
102.446721 250.500000 0.000000
169.045082 251.866120 0.000000
431.681694 455.418033 0.000000
427.583333 465.663934 0.000000
409.823770 473.519126 0.000000
400.943989 491.620219 0.000000
430.998634 494.010929 0.000000
437.487705 480.349727 0.000000
449.099727 491.620219 0.000000
469.591530 478.642077 0.000000
484.618852 473.860656 0.000000
451.831967 455.759563 0.000000
487.351093 376.866120 0.000000
293.020492 456.442623 0.000000
170.752732 463.614754 0.000000
187.487705 447.562842 0.000000
197.392077 388.478142 0.000000
206.271858 385.745902 0.000000
212.419399 376.183060 0.000000
211.394809 470.445355 0.000000
341.176230 236.497268 0.000000
353.471311 247.426230 0.000000
