41.792918 26.447653 2.000000
16.070896 76.537906 2.000000
18.327214 98.198556 2.000000
26.901221 113.992780 2.000000
331.074760 146.483755 2.000000
342.356348 142.873646 2.000000
466.429603 235.382671 2.000000
359.028881 93.685921 2.000000
11.542818 41.790614 3.000000
5.225128 218.685921 3.000000
143.327214 11.555957 3.000000
98.200860 79.696751 3.000000
63.453568 122.566787 3.000000
63.453568 174.913357 3.000000
21.486059 227.711191 3.000000
100.005914 218.685921 3.000000
112.641293 200.635379 3.000000
136.106997 183.938628 3.000000
224.933198 5.522158 3.000000
168.168623 175.364621 3.000000
176.742630 204.245487 3.000000
302.645157 223.198556 3.000000
302.645157 192.963899 3.000000
311.219164 206.050542 3.000000
333.331078 178.523466 3.000000
357.248045 193.866426 3.000000
311.219164 136.104693 3.000000
312.121691 99.552347 3.000000
284.427243 102.878564 3.000000
281.435771 109.480144 3.000000
395.865118 8.018591 3.000000
393.776173 38.180505 3.000000
404.606498 26.447653 3.000000
432.417464 9.656272 3.000000
448.830325 49.913357 3.000000
433.036101 49.010830 3.000000
419.949458 129.597743 3.000000
438.167373 137.982490 3.000000
452.891697 121.212996 3.000000
497.923420 139.452798 3.000000
491.249097 161.826715 3.000000
407.765343 181.231047 3.000000
375.274368 175.815884 3.000000
1.615020 245.310469 4.000000
89.175589 28.703971 4.000000
125.276672 23.288809 4.000000
147.388586 28.252708 4.000000
127.984254 47.205776 4.000000
102.262232 69.317690 4.000000
70.222521 78.794224 4.000000
58.940932 58.036101 4.000000
63.453568 189.805054 4.000000
37.709659 183.181587 4.000000
35.023965 204.245487 4.000000
31.865120 212.368231 4.000000
44.500499 219.588448 4.000000
63.002304 213.722022 4.000000
63.002304 229.967509 4.000000
83.760427 242.151625 4.000000
107.276987 209.660650 4.000000
115.800138 234.480144 4.000000
148.742376 207.855596 4.000000
142.424687 200.635379 4.000000
144.681005 185.743682 4.000000
154.157539 127.079422 4.000000
123.922882 104.967509 4.000000
105.421077 103.613718 4.000000
153.255012 92.783394 4.000000
217.807612 12.007220 4.000000
191.634327 16.519856 4.000000
228.637937 45.400722 4.000000
201.562125 46.303249 4.000000
213.294977 79.245487 4.000000
163.204724 87.368231 4.000000
205.623496 133.848375 4.000000
247.591005 133.848375 4.000000
244.883424 118.505415 4.000000
209.684868 182.584838 4.000000
189.829273 172.205776 4.000000
166.814832 207.855596 4.000000
183.060320 234.480144 4.000000
202.180761 236.547202 4.000000
205.623496 220.039711 4.000000
195.244435 205.148014 4.000000
218.208020 206.479918 4.000000
248.944796 228.162455 4.000000
257.067540 224.552347 4.000000
266.544074 243.956679 4.000000
299.937576 232.675090 4.000000
290.461042 228.162455 4.000000
304.450211 241.700361 4.000000
273.313027 198.379061 4.000000
233.601836 159.119134 4.000000
228.637937 144.678700 4.000000
285.045879 166.339350 4.000000
346.417720 211.465704 4.000000
352.735410 241.249097 4.000000
329.269706 164.534296 4.000000
282.040541 57.894924 0.000000
290.912305 49.010830 4.000000
308.511583 23.740072 4.000000
333.331078 43.144404 4.000000
327.464652 54.425993 4.000000
349.125301 19.678700 4.000000
355.894255 44.498195 4.000000
359.053099 73.830325 4.000000
488.374143 31.411552 4.000000
463.176128 48.654197 4.000000
453.510333 68.655278 4.000000
465.978339 81.501805 4.000000
479.064982 101.357401 4.000000
441.180732 103.067825 4.000000
424.010830 96.844765 4.000000
399.002075 89.886552 4.000000
395.129964 122.566787 4.000000
459.922653 147.742915 4.000000
469.588448 165.888087 4.000000
453.437590 182.133574 4.000000
452.440433 190.707581 4.000000
451.370533 202.178430 4.000000
492.602888 210.563177 4.000000
388.361011 237.638989 4.000000
363.992780 225.906137 4.000000
375.274368 199.732852 4.000000
377.981949 148.740072 4.000000
373.469314 141.519856 4.000000
183.962847 126.176895 4.000000
431.134807 262.625535 0.000000
411.163338 264.052068 0.000000
398.681170 268.688302 0.000000
391.548502 254.066334 0.000000
424.002140 280.100571 0.000000
401.890870 305.778174 0.000000
442.190442 333.952211 0.000000
483.559914 316.120542 0.000000
493.902282 341.798146 0.000000
346.969330 286.023249 0.000000
313.445792 291.372750 0.000000
362.661198 299.931951 0.000000
270.649786 286.379882 0.000000
267.796719 271.401280 0.000000
298.467190 320.616687 0.000000
330.920827 336.308556 0.000000
319.151926 353.783591 0.000000
354.101997 373.398427 0.000000
311.662625 381.600995 0.000000
320.221826 387.663763 0.000000
321.291726 415.124533 0.000000
279.565621 418.334233 0.000000
407.953638 382.314262 0.000000
412.233238 417.977600 0.000000
490.692582 459.308845 0.000000
468.224679 461.448645 0.000000
496.755350 400.820970 0.000000
493.902282 380.492867 0.000000
492.475749 372.646933 0.000000
477.140514 375.500000 0.000000
468.581312 390.121969 0.000000
442.547076 389.408702 0.000000
417.582739 456.812411 0.000000
427.568474 485.699715 0.000000
450.749643 475.713980 0.000000
390.121969 470.364479 0.000000
387.982168 456.099144 0.000000
391.191869 438.267475 0.000000
367.297432 432.917974 0.000000
351.605563 427.211840 0.000000
341.976462 467.154779 0.000000
358.738231 479.993581 0.000000
315.585592 467.154779 0.000000
290.977889 444.330243 0.000000
307.026391 437.554208 0.000000
257.097718 465.014979 0.000000
257.097718 371.933666 0.000000
244.258916 353.388730 0.000000
290.264622 360.521398 0.000000
210.378745 421.505706 0.000000
215.728245 389.408702 0.000000
201.091173 349.048717 0.000000
190.407275 349.465763 0.000000
179.351641 347.682596 0.000000
169.009272 380.492867 0.000000
182.917974 381.562767 0.000000
152.960770 475.713980 0.000000
193.616976 486.769615 0.000000
218.224679 482.490014 0.000000
216.084879 456.812411 0.000000
200.036377 473.217546 0.000000
134.772468 464.658345 0.000000
133.702568 472.860913 0.000000
147.254636 468.224679 0.000000
116.227532 435.414408 0.000000
125.143367 419.722539 0.000000
156.883738 424.715407 0.000000
126.213267 405.100571 0.000000
85.557061 412.233238 0.000000
87.340228 423.645506 0.000000
81.277461 394.044936 0.000000
109.094864 381.562767 0.000000
98.039230 353.032097 0.000000
134.415835 339.836662 0.000000
160.450071 339.480029 0.000000
142.975036 272.432953 0.000000
131.206134 273.859486 0.000000
102.318830 278.495720 0.000000
86.270328 274.216120 0.000000
54.529957 275.642653 0.000000
74.858060 298.467190 0.000000
56.313124 378.353067 0.000000
57.383024 392.261769 0.000000
73.788160 482.133381 0.000000
9.950785 496.755350 0.000000
10.664051 441.833809 0.000000
25.999287 423.288873 0.000000
13.160485 396.898003 0.000000
31.348787 388.338802 0.000000
43.830956 400.820970 0.000000
17.440086 343.402996 0.000000
13.160485 324.144793 0.000000
38.838088 334.130528 0.000000
37.768188 276.355920 0.000000
23.502853 276.712553 0.000000
183.274608 258.559392 0.000000
172.932240 249.286924 0.000000
165.799572 265.335426 0.000000
244.615549 268.901760 0.000000
198.966476 299.928864 0.000000
226.070613 305.991632 0.000000
245.685449 305.991632 0.000000
30.213115 37.385246 0.000000
249.475410 68.122951 0.000000
276.285519 64.366120 0.000000
144.284153 66.073770 0.000000
213.102459 407.262295 0.000000
239.400273 400.773224 0.000000
233.594262 426.046448 0.000000
251.353825 438.000000 0.000000
235.984973 416.483607 0.000000
218.908470 339.639344 0.000000
220.957650 327.344262 0.000000
226.080601 350.568306 0.000000
430.486339 367.986339 0.000000
304.974044 494.352459 0.000000
287.214481 457.808743 0.000000
280.383880 486.838798 0.000000
269.113388 490.937158 0.000000
406.066940 359.448087 0.000000
395.479508 333.491803 0.000000
