99.326715 138.469537 3.000000
137.232852 148.397335 3.000000
160.698556 130.346793 3.000000
201.312274 153.812497 3.000000
241.925993 207.061595 3.000000
251.853791 210.671703 3.000000
72.250903 224.209609 3.000000
78.568592 178.180728 3.000000
187.774368 155.617552 4.000000
198.604693 305.437046 4.000000
142.648014 296.411775 4.000000
110.157040 271.141017 4.000000
292.467509 389.372064 4.000000
281.637184 365.906360 4.000000
389.940433 334.317913 4.000000
200.465847 168.532787 0.000000
289.605191 209.516393 0.000000
118.840164 278.505464 0.000000
157.262295 55.827869 0.000000
