209.209386 2.867369 2.000000
184.389892 67.398055 2.000000
180.328520 64.239210 2.000000
142.873646 90.863759 2.000000
121.212996 108.914300 2.000000
114.444043 96.730185 2.000000
76.989170 112.073145 2.000000
33.216606 80.033434 2.000000
74.137923 90.170470 2.000000
27.801444 117.939571 2.000000
16.068592 135.538849 2.000000
52.136888 169.295388 2.000000
31.499778 164.265916 2.000000
72.443748 176.548392 2.000000
83.306859 147.722965 2.000000
129.270167 159.158352 2.000000
154.045501 131.330755 0.000000
167.241877 108.914300 2.000000
187.548736 111.621882 2.000000
197.927798 117.488308 2.000000
214.624549 110.268091 2.000000
237.638989 130.574950 2.000000
242.151625 150.430546 2.000000
206.413579 168.150836 2.000000
207.404332 279.545323 2.000000
21.935018 238.931604 2.000000
118.054152 316.548933 2.000000
191.158845 311.133771 2.000000
219.588448 382.433410 2.000000
182.133574 353.552543 2.000000
111.736462 345.429799 2.000000
62.548736 395.971316 2.000000
14.263538 400.032687 2.000000
31.862816 293.534493 2.000000
232.675090 439.423056 2.000000
216.429603 437.618002 2.000000
190.256318 483.646883 2.000000
122.566787 423.628833 2.000000
103.613718 446.192009 2.000000
410.468708 69.124197 2.000000
427.583936 83.564630 2.000000
430.324304 67.319143 2.000000
388.358511 147.542354 2.000000
231.770161 318.415162 2.000000
275.091461 350.906137 2.000000
271.030089 382.945848 2.000000
280.957887 403.252708 2.000000
254.784601 411.375451 2.000000
303.521063 433.938628 2.000000
279.152832 471.393502 2.000000
384.297237 421.303249 2.000000
370.308067 429.425993 2.000000
420.398320 466.429603 2.000000
368.051749 456.050542 2.000000
335.109511 394.678700 2.000000
488.110549 52.221720 2.000000
454.717783 252.121821 2.000000
186.194946 1.964842 3.000000
164.534296 39.419715 3.000000
145.129964 25.881809 3.000000
134.299639 41.676033 3.000000
115.346570 20.917910 3.000000
107.223827 5.574950 3.000000
87.368231 39.419715 3.000000
41.790614 36.260871 3.000000
32.765343 34.004553 3.000000
28.703971 51.152567 3.000000
9.750903 51.152567 3.000000
7.494585 40.322243 3.000000
15.166065 34.907080 3.000000
121.576034 77.083828 3.000000
136.104693 98.535239 3.000000
72.927798 128.318632 3.000000
67.061372 118.390835 3.000000
20.129964 152.686863 3.000000
242.151625 87.253650 3.000000
199.853865 181.655956 3.000000
243.505415 240.285395 3.000000
214.624549 247.956875 3.000000
204.696751 264.653626 3.000000
273.735856 17.680154 3.000000
263.356795 23.997843 3.000000
257.941632 5.044775 3.000000
254.782787 41.145858 3.000000
224.999394 48.817338 3.000000
306.678094 55.586291 3.000000
300.811668 66.416616 3.000000
374.367625 71.831778 3.000000
380.685315 60.550190 3.000000
402.103939 53.693011 3.000000
410.919972 61.001453 3.000000
400.089647 77.698204 3.000000
442.057156 46.561020 3.000000
435.741182 145.737300 3.000000
447.925298 231.477372 3.000000
443.863926 238.697589 3.000000
418.593168 247.271596 3.000000
414.531796 255.845603 3.000000
394.224937 246.820333 3.000000
354.965009 213.878094 3.000000
332.853095 220.195784 3.000000
312.546236 214.329358 3.000000
302.618438 184.997228 3.000000
312.997500 235.538744 3.000000
278.701471 238.246325 3.000000
283.214106 244.112751 3.000000
319.766453 258.101921 3.000000
338.268356 447.476534 3.000000
289.983157 480.418773 3.000000
410.019258 422.657040 3.000000
451.535504 482.675090 3.000000
474.121379 5.741576 3.000000
498.489611 64.405836 3.000000
473.218852 136.608002 3.000000
470.511271 189.857099 3.000000
470.512007 200.677778 3.000000
473.670851 210.154312 4.000000
415.885586 350.610946 4.000000
455.596876 340.978339 4.000000
486.305495 197.077316 4.000000
338.443989 109.448087 0.000000
266.722678 135.404372 0.000000
352.446721 171.948087 0.000000
76.148907 271.333333 0.000000
34.140710 316.073770 0.000000
52.583333 367.644809 0.000000
392.405738 7.330601 0.000000
416.995902 36.360656 0.000000
384.209016 31.920765 0.000000
345.274590 6.647541 0.000000
466.859290 40.117486 0.000000
484.960383 14.161202 0.000000
492.474044 92.371585 0.000000
496.230874 79.393443 0.000000
368.840164 151.456284 0.000000
322.392077 114.912568 0.000000
207.296448 62.658470 0.000000
