3.000000 6.000000 1.000000
3.000000 15.000000 1.000000
6.000000 35.000000 1.000000
8.000000 55.000000 1.000000
25.000000 62.000000 1.000000
30.000000 76.000000 1.000000
38.000000 88.000000 1.000000
40.000000 72.000000 1.000000
101.000000 348.000000 1.000000
102.000000 326.000000 1.000000
107.000000 297.000000 1.000000
110.000000 315.000000 1.000000
116.000000 280.000000 1.000000
124.000000 293.000000 1.000000
127.000000 271.000000 1.000000
132.000000 260.000000 1.000000
142.000000 259.000000 1.000000
147.000000 248.000000 1.000000
177.000000 225.000000 1.000000
183.000000 211.000000 1.000000
192.000000 195.000000 1.000000
194.000000 134.000000 1.000000
196.000000 268.000000 1.000000
197.000000 183.000000 1.000000
198.000000 166.059341 1.000000
202.000000 499.000000 1.000000
205.000000 433.000000 1.000000
209.000000 424.000000 1.000000
210.000000 466.000000 1.000000
211.000000 480.000000 1.000000
215.000000 256.000000 1.000000
218.000000 435.000000 1.000000
219.000000 424.000000 1.000000
222.000000 449.000000 1.000000
223.000000 495.000000 1.000000
225.000000 119.000000 1.000000
228.000000 407.000000 1.000000
231.000000 261.000000 1.000000
236.000000 424.000000 1.000000
239.000000 410.000000 1.000000
241.000000 395.000000 1.000000
243.000000 260.000000 1.000000
245.000000 147.000000 1.000000
245.000000 286.000000 1.000000
246.000000 314.000000 1.000000
246.000000 452.000000 1.000000
247.000000 343.000000 1.000000
247.000000 363.000000 1.000000
248.000000 324.000000 1.000000
249.000000 58.000000 1.000000
250.000000 294.000000 1.000000
252.000000 267.000000 1.000000
254.000000 373.000000 1.000000
254.000000 459.000000 1.000000
257.000000 344.000000 1.000000
261.000000 164.000000 1.000000
261.000000 435.000000 1.000000
262.000000 449.000000 1.000000
265.000000 321.000000 1.000000
271.000000 342.000000 1.000000
276.000000 162.000000 1.000000
276.000000 333.000000 1.000000
277.000000 383.000000 1.000000
283.000000 313.000000 1.000000
284.000000 275.000000 1.000000
283.744810 293.804152 1.000000
287.000000 248.000000 1.000000
289.000000 159.000000 1.000000
289.000000 367.000000 1.000000
291.000000 238.000000 1.000000
291.000000 314.000000 1.000000
293.000000 353.000000 1.000000
294.000000 336.000000 1.000000
300.000000 328.000000 1.000000
304.000000 155.000000 1.000000
305.000000 204.000000 1.000000
307.000000 342.000000 1.000000
312.349571 192.019485 1.000000
328.000000 152.000000 1.000000
329.000000 388.000000 1.000000
330.000000 348.000000 1.000000
342.000000 388.000000 1.000000
354.000000 342.000000 1.000000
355.000000 135.000000 1.000000
361.000000 169.000000 1.000000
363.000000 388.000000 1.000000
365.000000 340.000000 1.000000
367.000000 395.000000 1.000000
370.000000 125.000000 1.000000
374.000000 420.000000 1.000000
375.000000 339.000000 1.000000
378.000000 160.000000 1.000000
379.000000 389.000000 1.000000
382.000000 115.000000 1.000000
383.000000 7.000000 1.000000
384.000000 457.000000 1.000000
389.000000 440.000000 1.000000
390.000000 475.000000 1.000000
391.000000 329.000000 1.000000
391.000000 461.000000 1.000000
395.000000 101.000000 1.000000
398.000000 23.000000 1.000000
398.000000 157.000000 1.000000
407.000000 31.000000 1.000000
409.000000 54.000000 1.000000
409.000000 78.000000 1.000000
419.000000 465.000000 1.000000
425.000000 306.000000 1.000000
430.000000 166.000000 1.000000
432.000000 452.000000 1.000000
435.000000 435.000000 1.000000
437.000000 289.000000 1.000000
437.000000 423.000000 1.000000
440.000000 412.000000 1.000000
447.000000 176.000000 1.000000
449.000000 430.000000 1.000000
452.000000 410.000000 1.000000
456.647382 381.042109 1.000000
456.000000 398.000000 1.000000
458.000000 265.000000 1.000000
459.000000 198.000000 1.000000
459.000000 237.000000 1.000000
463.000000 219.000000 1.000000
467.000000 373.000000 1.000000
470.000000 345.000000 1.000000
476.000000 388.000000 1.000000
477.000000 194.000000 1.000000
486.000000 330.000000 1.000000
189.000000 100.000000 2.000000
216.000000 236.000000 2.000000
288.000000 188.000000 2.000000
384.000000 150.000000 2.000000
391.000000 123.000000 2.000000
420.000000 396.000000 2.000000
427.000000 390.000000 2.000000
430.000000 376.000000 2.000000
434.000000 68.000000 2.000000
445.000000 67.000000 2.000000
449.618781 316.367651 2.000000
455.000000 41.000000 2.000000
464.000000 83.000000 2.000000
468.000000 98.000000 2.000000
468.000000 274.000000 2.000000
477.000000 278.000000 2.000000
489.000000 286.000000 2.000000
493.000000 220.000000 2.000000
43.000000 30.669914 3.000000
165.339828 232.699141 3.000000
186.339828 265.660172 3.000000
196.000000 255.000000 3.000000
203.097924 74.000000 3.000000
210.000000 412.000000 3.000000
250.000000 380.000000 3.000000
272.000000 362.000000 3.000000
294.000000 403.000000 3.000000
296.000000 173.000000 3.000000
299.000000 182.000000 3.000000
306.339828 297.669914 3.000000
311.000000 180.000000 3.000000
315.669914 285.679657 3.000000
316.669914 365.330086 3.000000
342.000000 162.000000 3.000000
347.679657 331.000000 3.000000
367.000000 139.000000 3.000000
402.000000 2.000000 3.000000
419.000000 109.000000 3.000000
419.000000 130.000000 3.000000
423.000000 2.000000 3.000000
423.000000 119.000000 3.000000
434.000000 22.000000 3.000000
434.000000 31.000000 3.000000
435.000000 103.000000 3.000000
435.246608 86.869912 3.000000
439.000000 2.000000 3.000000
439.000000 112.000000 3.000000
439.000000 141.000000 3.000000
441.000000 346.000000 3.000000
442.242085 24.618781 3.000000
444.097924 8.970329 3.000000
443.493216 89.869912 3.000000
449.000000 130.000000 3.000000
448.679657 96.349571 3.000000
450.000000 114.000000 3.000000
450.000000 146.000000 3.000000
451.000000 78.000000 3.000000
453.000000 2.000000 3.000000
458.000000 59.000000 3.000000
460.323443 150.323443 3.000000
462.000000 127.000000 3.000000
466.000000 29.000000 3.000000
468.000000 50.000000 3.000000
471.000000 20.000000 3.000000
471.000000 132.000000 3.000000
472.000000 168.000000 3.000000
474.000000 186.000000 3.000000
475.000000 7.000000 3.000000
476.000000 116.000000 3.000000
474.646886 152.548962 3.000000
477.000000 32.000000 3.000000
478.000000 58.000000 3.000000
478.000000 245.000000 3.000000
479.000000 226.000000 3.000000
480.000000 215.000000 3.000000
479.019485 91.330086 3.000000
486.000000 110.000000 3.000000
488.000000 74.000000 3.000000
488.000000 344.000000 3.000000
489.000000 156.000000 3.000000
490.000000 66.000000 3.000000
490.339828 54.029227 3.000000
489.349571 83.009742 3.000000
491.000000 169.000000 3.000000
491.000000 253.000000 3.000000
492.000000 42.000000 3.000000
493.000000 199.000000 3.000000
495.000000 12.000000 3.000000
495.000000 26.000000 3.000000
262.000000 233.000000 4.000000
257.009742 389.000000 4.000000
342.000000 176.000000 4.000000
353.000000 385.000000 4.000000
367.478945 411.084218 4.000000
371.000000 435.000000 4.000000
388.000000 379.000000 4.000000
389.000000 499.000000 4.000000
403.000000 481.000000 4.000000
408.000000 319.000000 4.000000
488.000000 2.000000 4.000000
