205.599278 5.689531 1.000000
261.555957 30.960289 1.000000
348.649819 109.028881 1.000000
355.418773 86.465704 1.000000
251.183072 100.906137 1.000000
263.367188 102.259928 1.000000
268.782350 98.198556 1.000000
278.258885 87.819495 1.000000
275.100040 72.476534 1.000000
299.919535 68.866426 1.000000
295.406899 55.779783 1.000000
279.612675 44.498195 1.000000
298.565744 40.436823 1.000000
339.179462 69.317690 1.000000
198.379061 73.830325 1.000000
213.270758 73.379061 1.000000
236.285199 59.841155 1.000000
233.577617 78.794224 1.000000
219.588448 38.631769 1.000000
203.794224 36.826715 1.000000
177.620939 50.815884 1.000000
140.166065 57.133574 1.000000
143.776173 42.241877 1.000000
136.104693 32.314079 1.000000
121.664260 28.252708 1.000000
111.736462 32.314079 1.000000
374.371841 49.462094 2.000000
366.700361 53.523466 2.000000
359.931408 42.241877 2.000000
370.761733 27.801444 2.000000
333.306859 6.140794 2.000000
233.583795 140.166065 2.000000
215.984517 163.180505 2.000000
264.720979 230.418773 2.000000
229.973686 199.732852 2.000000
220.497152 183.487365 2.000000
98.198556 45.851986 2.000000
91.429603 57.584838 2.000000
485.382671 160.472924 2.000000
467.783394 169.046931 2.000000
461.916968 155.057762 2.000000
493.054152 181.682310 2.000000
481.321300 140.617329 2.000000
446.397555 138.877848 2.000000
168.821300 147.160650 2.000000
116.474729 154.380866 2.000000
102.034296 153.478339 2.000000
127.305054 200.409747 2.000000
132.720217 191.384477 2.000000
171.528881 217.557762 2.000000
181.456679 216.655235 2.000000
210.821595 236.157927 2.000000
276.222022 256.366426 2.000000
189.579422 247.341155 2.000000
151.673285 245.536101 2.000000
139.037906 230.193141 2.000000
122.792419 167.918773 2.000000
111.059567 142.648014 2.000000
104.741877 130.915162 2.000000
460.788809 34.344765 2.000000
209.435018 259.074007 2.000000
76.763538 343.009025 2.000000
51.492780 331.276173 2.000000
70.445848 184.164260 2.000000
61.420578 187.774368 2.000000
28.027076 186.871841 2.000000
28.929603 164.308664 2.000000
75.861011 128.207581 2.000000
375.274368 62.548736 3.000000
381.592058 44.949458 3.000000
355.870036 34.570397 3.000000
358.126354 15.617329 3.000000
212.374408 196.122744 3.000000
202.446610 197.476534 3.000000
194.323867 199.732852 3.000000
194.775130 182.133574 3.000000
115.797834 46.754513 3.000000
136.330325 149.868231 3.000000
126.402527 157.088448 3.000000
141.745487 176.041516 3.000000
243.731047 239.218412 3.000000
284.344765 277.124549 3.000000
238.315884 294.272563 3.000000
490.572202 80.373646 3.000000
44.272563 98.424188 3.000000
255.244444 90.075812 4.000000
257.952026 183.487365 4.000000
246.670437 215.527076 4.000000
102.853780 360.343081 0.000000
90.014979 370.685449 0.000000
51.498573 356.420114 0.000000
35.450071 327.176177 0.000000
26.890870 309.701141 0.000000
40.799572 286.163338 0.000000
56.848074 294.365906 0.000000
63.267475 309.701141 0.000000
13.160485 287.279301 0.000000
8.880884 274.440500 0.000000
7.810984 261.245065 0.000000
23.859486 278.006833 0.000000
31.348787 273.370600 0.000000
34.558488 262.314965 0.000000
44.187589 267.307832 0.000000
146.541369 317.949772 0.000000
177.925107 339.704408 0.000000
201.462910 383.213681 0.000000
199.679743 409.961184 0.000000
151.177603 385.710115 0.000000
143.688302 373.227946 0.000000
142.618402 424.583153 0.000000
118.010699 416.380585 0.000000
300.072040 341.798146 0.000000
283.666904 327.176177 0.000000
267.618402 329.315977 0.000000
264.052068 306.848074 0.000000
245.150499 318.973609 0.000000
263.338802 342.868046 0.000000
271.541369 355.706847 0.000000
279.030670 400.642653 0.000000
290.442939 423.110556 0.000000
287.589872 432.383024 0.000000
326.106277 442.725392 0.000000
305.421541 397.076320 0.000000
234.094864 400.999287 0.000000
245.507133 417.761056 0.000000
250.856633 433.809558 0.000000
266.191869 399.216120 0.000000
232.668331 347.860913 0.000000
223.039230 314.694009 0.000000
202.711127 272.611270 0.000000
193.795292 269.758203 0.000000
169.544223 305.778174 0.000000
190.942225 330.742511 0.000000
113.374465 462.875178 0.000000
138.338802 443.260342 0.000000
151.177603 470.364479 0.000000
147.967903 475.357347 0.000000
179.351641 422.932240 0.000000
175.072040 435.057775 0.000000
112.304565 399.751070 0.000000
116.584165 306.669757 0.000000
87.696862 267.440086 0.000000
98.752496 326.641227 0.000000
20.649786 422.575606 0.000000
38.838088 441.120542 0.000000
23.502853 442.190442 0.000000
48.110556 487.839515 0.000000
351.248930 493.902282 0.000000
345.899429 488.909415 0.000000
315.228959 488.909415 0.000000
298.823823 480.706847 0.000000
252.461484 449.323110 0.000000
273.859486 489.979315 0.000000
312.375892 466.084879 0.000000
344.829529 451.106277 0.000000
416.512839 469.294579 0.000000
425.072040 479.993581 0.000000
399.037803 465.014979 0.000000
414.373039 451.106277 0.000000
397.254636 432.204708 0.000000
400.820970 422.575606 0.000000
395.293153 377.461484 0.000000
373.181883 376.748217 0.000000
349.644080 390.300285 0.000000
352.853780 370.685449 0.000000
331.812411 358.916548 0.000000
337.161912 344.294579 0.000000
348.930813 352.853780 0.000000
332.882311 331.099144 0.000000
317.903709 323.253210 0.000000
314.694009 301.498573 0.000000
300.428673 283.666904 0.000000
320.043509 285.093438 0.000000
324.323110 268.331669 0.000000
339.301712 297.218973 0.000000
377.818117 318.616976 0.000000
427.033524 416.691155 0.000000
425.963623 397.789586 0.000000
446.648359 447.004993 0.000000
444.151926 358.203281 0.000000
428.460057 367.119116 0.000000
411.698288 358.203281 0.000000
474.287447 473.217546 0.000000
477.853780 451.819544 0.000000
478.567047 433.987874 0.000000
483.559914 417.939372 0.000000
472.504280 408.666904 0.000000
462.875178 409.736805 0.000000
453.959344 402.247504 0.000000
441.120542 386.199001 0.000000
460.378745 382.632668 0.000000
475.713980 388.338802 0.000000
484.629815 396.184736 0.000000
482.133381 375.143367 0.000000
470.721113 309.443520 0.000000
485.343081 329.771623 0.000000
489.622682 300.884319 0.000000
468.581312 293.395018 0.000000
484.273181 260.941380 0.000000
478.923680 256.661780 0.000000
482.490014 268.430681 0.000000
462.518545 252.025546 0.000000
450.036377 251.312279 0.000000
453.959344 268.430681 0.000000
441.120542 210.697863 0.000000
424.715407 216.403997 0.000000
461.805278 208.201429 0.000000
473.930813 227.816265 0.000000
412.946505 193.579460 0.000000
431.848074 188.943226 0.000000
420.792439 174.321258 0.000000
406.883738 168.258490 0.000000
395.471469 176.104425 0.000000
386.199001 172.538091 0.000000
377.639800 185.376893 0.000000
366.584165 173.964624 0.000000
369.793866 195.362627 0.000000
386.912268 200.712128 0.000000
379.066334 214.620830 0.000000
394.401569 223.180031 0.000000
397.254636 260.732259 0.000000
419.365906 290.227107 0.000000
379.066334 289.513840 0.000000
349.109130 250.640801 0.000000
344.472896 232.095866 0.000000
325.214693 205.348362 0.000000
300.250357 168.615124 0.000000
295.970756 185.733526 0.000000
288.481455 164.335523 0.000000
297.397290 142.224254 0.000000
323.074893 136.518119 0.000000
305.599857 131.881885 0.000000
328.067760 150.783455 0.000000
331.634094 161.839089 0.000000
347.682596 151.853355 0.000000
355.528531 134.062050 0.000000
368.723966 129.069183 0.000000
379.422967 122.293149 0.000000
309.879458 117.300282 0.000000
291.691155 103.748213 0.000000
288.481455 96.615545 0.000000
307.026391 76.644076 0.000000
330.564194 95.189012 0.000000
333.773894 105.888013 0.000000
323.074893 90.196145 0.000000
316.655492 85.916544 0.000000
443.260342 115.157632 0.000000
435.771041 102.675464 0.000000
420.079173 108.024964 0.000000
417.582739 116.227532 0.000000
401.177603 90.906562 0.000000
407.240371 80.564194 0.000000
399.751070 71.648359 0.000000
421.862340 72.361626 0.000000
412.946505 71.291726 0.000000
442.547076 61.305991 0.000000
425.428673 39.194722 0.000000
428.638374 19.579886 0.000000
406.527104 38.481455 0.000000
401.890870 45.970756 0.000000
456.812411 11.377318 0.000000
387.268902 105.885164 0.000000
76.284593 466.441512 0.000000
90.193295 491.762482 0.000000
73.074893 478.210414 0.000000
233.381598 97.325963 0.000000
227.675464 13.160485 0.000000
226.962197 19.579886 0.000000
225.179030 27.069187 0.000000
215.549929 54.886591 0.000000
412.946505 299.590514 0.000000
347.682596 220.774536 0.000000
365.514265 247.878673 0.000000
79.564208 25.773224 0.000000
32.774590 34.311475 0.000000
39.263661 51.387978 0.000000
50.875683 65.049180 0.000000
26.285519 63.341530 0.000000
52.583333 49.680328 0.000000
115.083333 85.540984 0.000000
123.963115 104.666667 0.000000
122.596995 95.445355 0.000000
159.482240 96.811475 0.000000
178.949454 86.565574 0.000000
169.728142 170.581967 0.000000
103.129781 99.202186 0.000000
45.155055 8.355191 0.000000
56.340164 138.478142 0.000000
84.345628 146.333333 0.000000
164.946721 202.344262 0.000000
153.676230 201.319672 0.000000
130.793716 84.174863 0.000000
63.512295 35.336066 0.000000
62.146175 390.527322 0.000000
208.321038 450.295082 0.000000
197.733607 449.612022 0.000000
230.520492 466.346995 0.000000
235.301913 434.926230 0.000000
33.116120 476.251366 0.000000
31.066940 494.693989 0.000000
8.867486 441.756831 0.000000
342.200820 59.584699 0.000000
318.635246 27.822404 0.000000
297.801913 229.666667 0.000000
298.484973 244.010929 0.000000
301.900273 220.103825 0.000000
386.258197 265.185792 0.000000
394.113388 265.868852 0.000000
379.427596 266.210383 0.000000
422.801913 262.795082 0.000000
118.498634 118.327869 0.000000
45.411202 86.050858 0.000000
62.829235 103.300546 0.000000
64.195355 114.229508 0.000000
43.020492 220.103825 0.000000
98.348361 206.784153 0.000000
69.318306 248.450820 0.000000
33.457650 240.595628 0.000000
474.031421 90.322404 0.000000
458.321038 114.571038 0.000000
458.662568 125.158470 0.000000
460.370219 139.502732 0.000000
393.430328 48.314208 0.000000
7.159836 8.696721 0.000000
139.673497 361.155738 0.000000
179.974044 362.521858 0.000000
