12.447306 11.555957 1.000000
17.862468 20.581227 1.000000
19.667523 7.043321 1.000000
6.129616 25.996390 1.000000
16.959941 51.267148 1.000000
44.938281 100.454874 1.000000
43.584490 113.090253 1.000000
72.465357 112.638989 1.000000
88.259580 107.675090 1.000000
123.458136 113.090253 1.000000
115.786656 124.371841 1.000000
30.046584 137.909747 1.000000
18.313732 139.263538 1.000000
18.313732 125.274368 1.000000
14.252360 115.346570 1.000000
95.028533 39.985560 1.000000
87.357053 29.606498 1.000000
104.956331 27.801444 1.000000
125.714454 28.703971 1.000000
150.082685 32.765343 1.000000
149.180158 13.812274 1.000000
140.606151 135.202166 1.000000
31.400865 155.960289 1.000000
43.584980 156.411552 1.000000
58.476677 152.350181 1.000000
56.671623 169.498195 1.000000
65.245630 167.693141 1.000000
48.548879 178.974729 1.000000
17.434348 168.353643 1.000000
19.844465 154.936749 1.000000
145.570540 195.220217 1.000000
152.339493 186.646209 1.000000
140.155377 183.036101 1.000000
124.361154 163.180505 1.000000
99.090396 167.241877 1.000000
89.162598 136.555957 1.000000
63.891840 136.104693 1.000000
73.368374 192.963899 1.000000
78.332273 202.891697 1.000000
470.829422 16.181408 1.000000
464.737365 6.930505 1.000000
466.993682 32.426895 1.000000
449.394404 43.257220 1.000000
447.814982 27.462996 1.000000
429.538809 37.165162 1.000000
467.670578 54.990072 1.000000
454.132671 50.928700 1.000000
475.793321 61.082130 1.000000
493.618231 62.210289 1.000000
344.588448 23.740072 1.000000
339.624549 13.361011 1.000000
336.465704 10.653430 1.000000
287.729242 162.729242 1.000000
320.671480 164.534296 1.000000
325.635379 179.877256 1.000000
332.404332 165.436823 1.000000
343.927946 164.083032 1.000000
269.678700 43.595668 1.000000
279.606498 25.545126 1.000000
289.985560 21.483755 1.000000
292.693141 34.119134 1.000000
305.779783 20.581227 1.000000
247.566787 34.570397 1.000000
244.407942 60.743682 1.000000
243.054152 75.635379 1.000000
261.555957 67.061372 1.000000
293.144404 49.913357 1.000000
287.277978 64.805054 1.000000
308.036101 51.267148 1.000000
248.018051 154.155235 1.000000
242.151625 171.303249 1.000000
244.859206 179.877256 1.000000
264.714801 195.220217 1.000000
256.140794 193.866426 1.000000
279.155235 192.963899 1.000000
287.277978 181.682310 1.000000
316.158845 202.440433 1.000000
312.548736 220.039711 1.000000
299.462094 207.404332 1.000000
298.108303 217.332130 1.000000
291.339350 231.772563 1.000000
174.913357 130.238267 1.000000
182.463825 154.177887 1.000000
194.317690 174.010830 1.000000
201.086643 94.137184 1.000000
176.267148 91.880866 1.000000
192.963899 207.404332 1.000000
205.148014 212.368231 1.000000
197.025271 186.194946 1.000000
197.025271 225.003610 1.000000
197.025271 241.249097 1.000000
233.126354 208.758123 1.000000
483.270019 95.127937 2.000000
448.830325 119.859206 2.000000
459.088374 133.518124 2.000000
478.162455 157.314079 2.000000
488.629742 130.689531 2.000000
413.180505 155.145988 2.000000
469.750444 81.889433 2.000000
155.047074 181.682310 3.000000
485.833935 114.444043 3.000000
495.310469 116.249097 3.000000
428.072202 141.971119 3.000000
415.436823 145.581227 3.000000
388.361011 115.346570 3.000000
424.913357 72.025271 3.000000
378.884477 92.332130 3.000000
324.732852 131.140794 3.000000
265.617329 140.166065 3.000000
268.776173 104.064982 3.000000
248.018051 120.310469 3.000000
345.677561 208.604324 3.000000
361.285199 69.768953 3.000000
197.927798 107.223827 3.000000
26.436476 64.353791 4.000000
30.497848 69.768953 4.000000
122.555609 68.415162 4.000000
95.028533 58.036101 4.000000
108.501357 187.515950 4.000000
117.592201 197.927798 4.000000
141.960432 172.205776 4.000000
85.552489 215.075812 4.000000
129.325053 210.563177 4.000000
55.769096 240.346570 4.000000
438.451264 100.906137 4.000000
374.823105 14.263538 4.000000
325.635379 77.891697 4.000000
278.252708 142.422383 4.000000
370.761733 170.400722 4.000000
253.433213 105.870036 4.000000
208.846349 148.926658 4.000000
187.130260 111.373424 4.000000
161.826715 79.245487 4.000000
4.324562 53.072202 4.000000
384.750903 141.993772 4.000000
385.653430 106.772563 4.000000
405.057762 91.880866 4.000000
354.516245 126.176895 4.000000
269.227437 129.335740 4.000000
355.418773 191.335297 4.000000
288.180505 92.783394 4.000000
152.801444 108.577617 4.000000
124.823105 235.382671 4.000000
455.029244 234.301911 0.000000
448.253210 221.819743 0.000000
428.638374 233.588645 0.000000
432.917974 217.183509 0.000000
457.525678 210.407475 0.000000
458.952211 191.505906 0.000000
463.231812 186.513038 0.000000
488.909415 180.093637 0.000000
484.629815 216.470242 0.000000
418.652639 188.652839 0.000000
408.666904 176.170670 0.000000
437.197575 191.862539 0.000000
389.052068 198.638573 0.000000
374.786733 192.219172 0.000000
367.654066 203.274807 0.000000
367.654066 260.336148 0.000000
356.241797 259.979515 0.000000
347.325963 275.671383 0.000000
366.584165 295.642853 0.000000
415.799572 281.734151 0.000000
409.023538 257.483081 0.000000
438.624108 288.866819 0.000000
436.127675 315.257689 0.000000
468.224679 295.999486 0.000000
466.441512 307.411754 0.000000
451.462910 318.110756 0.000000
462.161912 336.655692 0.000000
346.256063 333.445991 0.000000
392.975036 335.585791 0.000000
320.935093 301.348987 0.000000
314.159058 327.026590 0.000000
312.375892 247.140713 0.000000
304.886591 237.511612 0.000000
288.838088 245.714179 0.000000
260.664051 261.838662 0.000000
252.104850 267.188163 0.000000
228.567047 260.768762 0.000000
203.246077 271.111130 0.000000
198.966476 306.061201 0.000000
206.099144 312.123969 0.000000
192.547076 315.690303 0.000000
190.407275 296.432100 0.000000
135.129101 283.381503 0.000000
142.618402 300.856538 0.000000
141.905136 311.912173 0.000000
153.317404 317.261674 0.000000
128.709700 312.268807 0.000000
129.066334 332.596909 0.000000
105.885164 288.731003 0.000000
101.605563 278.745269 0.000000
83.417261 277.675369 0.000000
48.110556 289.087637 0.000000
36.341655 258.773799 0.000000
33.488588 301.313846 0.000000
43.117689 306.306713 0.000000
49.537090 310.586314 0.000000
67.368759 315.579181 0.000000
16.370185 336.977184 0.000000
15.300285 319.502148 0.000000
8.880884 304.166913 0.000000
15.300285 297.034245 0.000000
15.300285 239.616271 0.000000
18.153352 361.941521 0.000000
17.083452 373.353789 0.000000
29.922254 385.835957 0.000000
45.970756 369.430822 0.000000
48.467190 377.633389 0.000000
58.096291 368.717555 0.000000
78.424394 361.584887 0.000000
42.761056 360.158354 0.000000
76.284593 401.534237 0.000000
63.445792 397.967903 0.000000
42.047789 407.953638 0.000000
45.257489 416.156205 0.000000
36.341655 425.072040 0.000000
24.929387 428.638374 0.000000
13.160485 427.568474 0.000000
8.880884 412.233238 0.000000
13.160485 402.247504 0.000000
40.977889 456.812411 0.000000
21.363053 442.547076 0.000000
18.153352 453.602710 0.000000
11.733951 461.805278 0.000000
5.671184 478.210414 0.000000
115.870899 481.420114 0.000000
70.935093 452.889444 0.000000
69.508559 442.903709 0.000000
97.325963 443.260342 0.000000
99.822397 427.568474 0.000000
106.598431 435.771041 0.000000
117.297432 439.694009 0.000000
125.856633 443.973609 0.000000
153.674037 428.281740 0.000000
158.666904 457.169044 0.000000
144.044936 451.462910 0.000000
147.967903 441.477175 0.000000
142.975036 463.588445 0.000000
150.820970 481.776748 0.000000
201.819544 475.000713 0.000000
212.875178 481.420114 0.000000
226.070613 437.910842 0.000000
184.344508 450.749643 0.000000
170.435806 445.400143 0.000000
200.749643 413.659772 0.000000
200.393010 396.541369 0.000000
186.840942 382.989301 0.000000
175.785307 390.121969 0.000000
155.100571 389.765335 0.000000
124.786733 381.206134 0.000000
115.157632 369.793866 0.000000
111.947932 358.024964 0.000000
146.184736 364.444365 0.000000
180.064907 364.444365 0.000000
203.959344 338.766762 0.000000
171.862340 332.703994 0.000000
160.450071 374.073466 0.000000
119.437233 411.876605 0.000000
130.492867 416.869472 0.000000
99.465763 404.030670 0.000000
299.180456 444.686876 0.000000
294.187589 441.477175 0.000000
298.110556 465.728245 0.000000
293.474322 477.853780 0.000000
291.334522 492.832382 0.000000
272.076320 495.328816 0.000000
263.873752 464.301712 0.000000
261.377318 487.839515 0.000000
349.465763 491.049215 0.000000
340.193295 485.699715 0.000000
343.046362 457.169044 0.000000
348.395863 431.848074 0.000000
330.207561 412.946505 0.000000
315.942225 407.240371 0.000000
310.592725 405.457204 0.000000
297.040656 409.380171 0.000000
294.900856 393.688302 0.000000
269.579886 394.758203 0.000000
264.230385 407.240371 0.000000
252.818117 418.652639 0.000000
242.832382 423.288873 0.000000
229.993581 403.674037 0.000000
239.979315 401.177603 0.000000
244.258916 388.695435 0.000000
244.615549 365.157632 0.000000
258.524251 366.584165 0.000000
285.628388 358.381598 0.000000
285.628388 329.850927 0.000000
393.331669 405.457204 0.000000
375.500000 394.044936 0.000000
369.793866 379.066334 0.000000
360.878031 388.338802 0.000000
360.878031 398.324536 0.000000
339.480029 397.967903 0.000000
364.444365 365.870899 0.000000
358.738231 359.808131 0.000000
412.946505 377.283167 0.000000
415.442939 395.828103 0.000000
430.778174 402.247504 0.000000
439.337375 389.408702 0.000000
486.412981 384.415835 0.000000
467.868046 388.338802 0.000000
460.735378 367.297432 0.000000
456.455777 347.682596 0.000000
477.853780 350.892297 0.000000
486.769615 330.564194 0.000000
399.394437 443.973609 0.000000
410.093438 457.882311 0.000000
413.303138 475.000713 0.000000
